,cluster,latitude,longitude,wealth_index,mean_light,median_light,std_light,min_light,max_light
0,1,-14.293995,34.468751,-0.39191,0.0,0.0,0.0,0.0,0.0
1,2,-14.791538,35.033085,-0.518875,0.0,0.0,0.0,0.0,0.0
2,3,-13.435848,32.945216,-0.365295,0.0,0.0,0.0,0.0,0.0
3,4,-16.363671,34.689968,-0.75731,0.0,0.0,0.0,0.0,0.0
4,5,-11.855164,34.100813,0.14625,0.06,0.0,0.596992462263972,0.0,6.0
5,6,-15.349759,35.189531,-0.375045,0.0,0.0,0.0,0.0,0.0
6,7,-15.519193,35.65168,-0.67883,0.0,0.0,0.0,0.0,0.0
7,8,-13.677802,35.017282,-0.55287,0.0,0.0,0.0,0.0,0.0
8,9,-15.914878,34.954459,-0.20635,2.51,0.0,3.5510421005670993,0.0,9.0
9,10,-14.112175,34.335866,-0.66277,0.0,0.0,0.0,0.0,0.0
10,11,-13.208815,34.321428,-0.61749,0.0,0.0,0.0,0.0,0.0
11,12,-13.872371,34.348874,-0.398305,0.0,0.0,0.0,0.0,0.0
12,13,-11.894274,33.602708,2.17739,7.98,7.0,9.055363051805266,0.0,31.0
13,14,-16.226423,35.097829,-0.14194,0.36,0.0,1.4249210504445506,0.0,6.0
14,15,-15.708474,34.508908,-0.52315,0.0,0.0,0.0,0.0,0.0
15,16,-11.021713,33.848407,0.74626,4.91,0.0,5.407578016080766,0.0,16.0
16,17,-15.55594,34.481628,-0.39745,4.07,0.0,4.8275356031830565,0.0,15.0
17,18,-11.573169,34.036848,0.24282,0.0,0.0,0.0,0.0,0.0
18,19,-13.393405,33.795731,-0.71504,0.0,0.0,0.0,0.0,0.0
19,20,-15.395781,34.640854,1.85265,0.26,0.0,1.277654100294755,0.0,7.0
20,21,-16.495885,35.013358,-0.74835,0.0,0.0,0.0,0.0,0.0
21,23,-9.784003,33.455222,-0.32349,0.32,0.0,1.2718490476467716,0.0,6.0
22,24,-15.817552,35.012556,4.59265,51.8,58.0,13.0866344030847,16.0,63.0
23,25,-14.679472,34.902906,-0.48092,0.0,0.0,0.0,0.0,0.0
24,26,-16.348857,35.270574,-0.63249,0.0,0.0,0.0,0.0,0.0
25,27,-15.79004,35.326127,-0.20768,0.0,0.0,0.0,0.0,0.0
26,28,-14.864517,34.626238,-0.00748,1.64,0.0,3.9077359173823396,0.0,17.0
27,29,-10.717185,34.184249,0.05417,0.0,0.0,0.0,0.0,0.0
28,30,-15.714451,34.462888,-0.579365,0.0,0.0,0.0,0.0,0.0
29,31,-15.072626,35.212664,3.33739,8.31,9.0,5.576190455857835,0.0,20.0
30,32,-14.020511,33.898637,-0.62575,0.19,0.0,1.0834666584625479,0.0,7.0
31,33,-16.872638,35.25622,-0.610225,1.21,0.0,2.7542512594169763,0.0,10.0
32,34,-16.977431,35.236957,-0.57159,0.89,0.0,2.349021072702414,0.0,9.0
33,35,-13.514457,33.738904,0.472375,5.39,0.0,5.989816357785937,0.0,18.0
34,36,-15.765332,34.505152,-0.601025,0.0,0.0,0.0,0.0,0.0
35,37,-14.108953,33.522622,-0.554595,0.0,0.0,0.0,0.0,0.0
36,38,-15.523783,35.024578,0.148485,2.42,0.0,3.504796713077664,0.0,10.0
37,39,-14.260089,33.686721,-0.61565,0.0,0.0,0.0,0.0,0.0
38,40,-12.798342,33.530916,-0.57459,0.0,0.0,0.0,0.0,0.0
39,41,-13.796939,33.229093,-0.63717,0.0,0.0,0.0,0.0,0.0
40,42,-14.786126,35.154342,-0.466475,0.72,0.0,2.054653255418052,0.0,7.0
41,44,-11.569722,33.750424,0.178345,0.0,0.0,0.0,0.0,0.0
42,46,-16.246213,35.04159,-0.4118,0.0,0.0,0.0,0.0,0.0
43,47,-13.244865,33.9152,-0.525505,0.0,0.0,0.0,0.0,0.0
44,48,-14.106818,34.265538,-0.65314,0.0,0.0,0.0,0.0,0.0
45,49,-15.675958,35.358232,-0.1331,0.0,0.0,0.0,0.0,0.0
46,50,-15.538927,34.61624,-0.73917,0.0,0.0,0.0,0.0,0.0
47,51,-10.062124,33.939962,-0.09246,0.0,0.0,0.0,0.0,0.0
48,52,-15.914198,35.062924,-0.03941,7.71,8.0,4.035579264492274,0.0,15.0
49,53,-10.223523,34.063664,-0.20779,0.0,0.0,0.0,0.0,0.0
50,54,-11.393421,34.132295,-0.25229,0.0,0.0,0.0,0.0,0.0
51,55,-13.784634,34.597102,-0.14321,2.36,0.0,3.474248120097355,0.0,9.0
52,56,-11.790041,33.760468,0.24007,0.0,0.0,0.0,0.0,0.0
53,57,-12.934051,34.288468,2.52859,5.73,0.0,6.687084566535704,0.0,21.0
54,58,-11.407667,33.475813,-0.26408,0.0,0.0,0.0,0.0,0.0
55,59,-14.663745,35.110317,-0.58807,0.0,0.0,0.0,0.0,0.0
56,60,-15.582229,34.522176,0.75568,5.06,0.0,5.525975027087979,0.0,15.0
57,61,-10.881389,33.968456,0.07407,0.25,0.0,1.4309088021254184,0.0,9.0
58,62,-15.649521,35.600461,-0.23667,0.0,0.0,0.0,0.0,0.0
59,63,-9.71991,33.283308,-0.43225,3.61,0.0,4.406574633431278,0.0,13.0
60,64,-14.851152,34.747924,-0.4134,0.0,0.0,0.0,0.0,0.0
61,65,-11.604407,34.265318,1.00602,3.67,0.0,4.743532439016308,0.0,14.0
62,66,-13.736186,34.489605,-0.50492,0.77,0.0,2.719761018913242,0.0,15.0
63,67,-13.102388,33.726701,-0.0529,0.0,0.0,0.0,0.0,0.0
64,68,-13.461508,34.043544,-0.69618,0.0,0.0,0.0,0.0,0.0
65,70,-16.018869,35.177532,0.31491,1.73,0.0,2.8314483926075718,0.0,9.0
66,71,-13.961568,34.499009,-0.6108,0.0,0.0,0.0,0.0,0.0
67,72,-11.589754,34.126477,-0.3011,0.0,0.0,0.0,0.0,0.0
68,73,-13.734144,34.392486,-0.51958,1.15,0.0,3.134884367883447,0.0,15.0
69,74,-13.368251,33.560466,-0.3165,0.67,0.0,2.668538926079213,0.0,13.0
70,75,-11.952365,34.113484,-0.13973,0.0,0.0,0.0,0.0,0.0
71,76,-9.700792,33.284174,0.40062,3.61,0.0,4.406574633431278,0.0,13.0
72,77,-14.536451,34.576807,-0.52274,0.0,0.0,0.0,0.0,0.0
73,78,-15.481902,35.263144,0.17347,2.85,0.0,3.522428139792209,0.0,9.0
74,79,-15.513169,35.562044,-0.554915,0.0,0.0,0.0,0.0,0.0
75,80,-14.792056,35.658162,-0.51434,0.0,0.0,0.0,0.0,0.0
76,81,-11.108644,33.911636,-0.05613,0.0,0.0,0.0,0.0,0.0
77,82,-10.828906,33.544584,-0.17194,0.0,0.0,0.0,0.0,0.0
78,83,-13.816277,33.109057,-0.345695,0.0,0.0,0.0,0.0,0.0
79,84,-16.118987,34.64726,-0.55252,0.0,0.0,0.0,0.0,0.0
80,85,-15.81482,35.00872,4.74037,49.71,56.0,14.55286569717456,13.0,63.0
81,87,-15.491964,34.842117,-0.59093,2.74,0.0,3.5485771796594747,0.0,9.0
82,88,-15.534904,35.306208,-0.36538,0.0,0.0,0.0,0.0,0.0
83,89,-15.783438,35.808865,-0.30867,0.06,0.0,0.5969924622639718,0.0,6.0
84,90,-13.797314,33.05249,0.94543,1.35,0.0,3.0211752680041593,0.0,10.0
85,91,-15.900908,35.113995,-0.133345,3.79,0.0,4.712313656793231,0.0,18.0
86,92,-15.812818,35.05761,3.65671,46.37,49.0,13.897953086695896,17.0,63.0
87,93,-15.425932,34.498833,-0.60607,0.0,0.0,0.0,0.0,0.0
88,94,-12.782567,34.226498,-0.496795,0.0,0.0,0.0,0.0,0.0
89,95,-14.75152,35.53739,-0.52584,0.68,0.0,2.0439178065665953,0.0,7.0
90,96,-14.907684,35.020803,-0.39505,0.0,0.0,0.0,0.0,0.0
91,97,-13.303432,34.03163,-0.52365,0.0,0.0,0.0,0.0,0.0
92,98,-15.916138,35.201385,-0.026495,0.0,0.0,0.0,0.0,0.0
93,99,-9.425265,32.993613,-0.23753,0.0,0.0,0.0,0.0,0.0
94,100,-15.393884,35.348221,1.053125,16.81,14.0,11.534899219325672,0.0,43.0
95,101,-12.887961,33.9094,-0.575915,0.0,0.0,0.0,0.0,0.0
96,102,-15.087513,35.22768,-0.1188,6.69,7.5,6.1914376359614565,0.0,20.0
97,103,-13.038463,33.515511,1.013285,7.92,7.0,8.674883284517435,0.0,31.0
98,104,-16.010008,35.234588,0.061585,1.33,0.0,2.5141797867296605,0.0,7.0
99,105,-15.063255,35.197635,-0.25593,8.49,9.0,5.222058980900158,0.0,20.0
100,106,-15.799206,35.066123,1.59905,43.42,48.0,16.076803164808606,12.0,63.0
101,107,-16.0659,34.54605,-0.6958,0.0,0.0,0.0,0.0,0.0
102,108,-14.279194,35.044809,-0.55441,0.5,0.0,1.835755975068582,0.0,8.0
103,109,-14.183679,33.486878,-0.45093,0.0,0.0,0.0,0.0,0.0
104,110,-15.665144,35.723938,-0.51792,0.0,0.0,0.0,0.0,0.0
105,111,-14.215286,34.345914,-0.70583,0.0,0.0,0.0,0.0,0.0
106,112,-12.216404,33.386869,-0.2113,0.0,0.0,0.0,0.0,0.0
107,113,-13.026957,33.475798,0.26186,10.46,9.0,8.585359631372468,0.0,31.0
108,114,-14.115872,33.70762,-0.638795,0.0,0.0,0.0,0.0,0.0
109,115,-13.420401,34.013672,-0.50375,0.0,0.0,0.0,0.0,0.0
110,116,-13.728948,33.931976,-0.65476,0.0,0.0,0.0,0.0,0.0
111,117,-16.010777,35.50376,-0.262495,6.03,7.0,4.908064791748373,0.0,14.0
112,118,-14.18117,34.109234,-0.50304,0.0,0.0,0.0,0.0,0.0
113,119,-15.15481,34.919509,-0.40917,0.0,0.0,0.0,0.0,0.0
114,120,-13.654018,33.863054,-0.372285,0.0,0.0,0.0,0.0,0.0
115,121,-14.39453,34.341045,0.70811,5.83,0.0,7.068316631277918,0.0,23.0
116,122,-14.703137,34.53723,-0.54984,0.0,0.0,0.0,0.0,0.0
117,123,-14.844455,35.029615,-0.552465,0.0,0.0,0.0,0.0,0.0
118,124,-15.240353,35.115665,-0.50991,0.0,0.0,0.0,0.0,0.0
119,125,-11.669062,33.546868,-0.12662,0.0,0.0,0.0,0.0,0.0
120,126,-15.750589,35.023092,1.21155,45.96,48.0,13.06592514902791,19.0,63.0
121,127,-13.686377,33.09303,-0.42011,0.0,0.0,0.0,0.0,0.0
122,128,-13.619965,32.945443,-0.68623,0.0,0.0,0.0,0.0,0.0
123,129,-15.856582,35.040419,0.47919,28.42,22.5,19.895818656190052,0.0,60.0
124,130,-10.804124,33.500263,-0.2664,0.0,0.0,0.0,0.0,0.0
125,131,-17.006288,35.1423,-0.57176,0.0,0.0,0.0,0.0,0.0
126,132,-15.961505,35.271329,-0.25708,1.01,0.0,2.7110698995046216,0.0,12.0
127,133,-15.705933,35.447881,-0.462135,0.0,0.0,0.0,0.0,0.0
128,134,-9.676896,33.27914,-0.245995,3.09,0.0,4.347631539125643,0.0,13.0
129,135,-13.845659,34.523407,-0.557255,0.0,0.0,0.0,0.0,0.0
130,136,-14.401297,33.717139,-0.53533,0.0,0.0,0.0,0.0,0.0
131,137,-15.467865,34.647271,-0.765195,0.0,0.0,0.0,0.0,0.0
132,138,-14.854363,35.208217,-0.553805,0.94,0.0,2.3358938332038983,0.0,7.0
133,139,-13.397305,33.79595,-0.59223,0.0,0.0,0.0,0.0,0.0
134,140,-15.776877,34.980623,1.22089,44.48,53.0,18.554503496456057,9.0,63.0
135,141,-15.420214,35.571838,-0.40775,0.0,0.0,0.0,0.0,0.0
136,142,-13.760503,34.257918,-0.63764,0.0,0.0,0.0,0.0,0.0
137,143,-16.062026,35.351747,-0.517185,0.52,0.0,1.9260321908005584,0.0,10.0
138,144,-14.543216,35.573349,-0.42138,0.0,0.0,0.0,0.0,0.0
139,145,-13.496197,32.897181,-0.51403,0.0,0.0,0.0,0.0,0.0
140,146,-15.619493,34.951519,-0.60187,2.63,0.0,3.2577753145359796,0.0,9.0
141,147,-11.231861,34.194388,-0.16054,0.0,0.0,0.0,0.0,0.0
142,148,-16.243695,34.877788,0.494795,9.56,9.0,5.385758999435455,0.0,21.0
143,149,-14.057153,33.319028,-0.46346,0.44,0.0,1.7453939383417143,0.0,8.0
144,150,-15.906036,35.769052,-0.49621,0.0,0.0,0.0,0.0,0.0
145,151,-15.801605,35.037424,1.722445,56.33,59.0,6.934053648480086,38.0,63.0
146,152,-15.727151,34.392831,-0.523465,0.0,0.0,0.0,0.0,0.0
147,153,-15.669622,35.26461,-0.28499,0.0,0.0,0.0,0.0,0.0
148,155,-13.291454,34.116022,-0.45093,0.0,0.0,0.0,0.0,0.0
149,156,-13.578954,34.379411,-0.70337,0.0,0.0,0.0,0.0,0.0
150,157,-16.048833,35.738973,0.08668,4.18,0.0,4.693357007516048,0.0,14.0
151,158,-16.934603,35.240475,0.29421,3.43,0.0,4.005633532913364,0.0,12.0
152,159,-14.534616,34.705139,-0.42,0.0,0.0,0.0,0.0,0.0
153,160,-15.58165,35.079357,-0.483365,0.0,0.0,0.0,0.0,0.0
154,161,-15.851023,34.477879,-0.77535,0.0,0.0,0.0,0.0,0.0
155,162,-15.685218,35.194994,-0.31091,1.61,0.0,2.7272513635526883,0.0,7.0
156,163,-13.945236,33.74437,0.88978,38.97,43.5,18.568497515954267,7.0,62.0
157,164,-13.1735,33.723136,-0.52421,0.0,0.0,0.0,0.0,0.0
158,165,-10.100007,33.498448,-0.687775,0.0,0.0,0.0,0.0,0.0
159,166,-15.549123,34.493156,-0.58361,3.07,0.0,4.336484751500921,0.0,14.0
160,167,-15.354761,34.833036,-0.42786,0.0,0.0,0.0,0.0,0.0
161,168,-14.329468,33.907196,-0.61688,0.0,0.0,0.0,0.0,0.0
162,169,-11.846784,33.852408,-0.47985,0.0,0.0,0.0,0.0,0.0
163,170,-14.306526,34.646139,-0.60977,0.0,0.0,0.0,0.0,0.0
164,171,-15.797263,35.647871,-0.151045,1.41,0.0,2.6649390236926624,0.0,7.0
165,172,-16.581652,35.104746,-0.4273,2.43,0.0,3.6366330582009505,0.0,11.0
166,173,-11.936814,34.124249,0.009965,0.0,0.0,0.0,0.0,0.0
167,174,-15.32725,35.047437,-0.44061,0.0,0.0,0.0,0.0,0.0
168,175,-15.822837,34.985753,1.305415,34.68,32.0,20.428352845983447,7.0,63.0
169,176,-14.820609,34.624264,-0.362045,6.57,6.0,7.205907298876387,0.0,25.0
170,178,-11.894767,33.599746,2.29741,7.98,7.0,9.055363051805266,0.0,31.0
171,179,-14.782426,34.686072,-0.31919,0.79,0.0,3.0242189074205594,0.0,16.0
172,180,-12.319353,33.553436,0.909195,0.7,0.0,2.247220505424423,0.0,9.0
173,181,-14.354916,34.076486,-0.62102,0.33,0.0,1.4426018161641139,0.0,7.0
174,182,-15.644752,35.168077,-0.36736,0.77,0.0,2.0921520021260407,0.0,7.0
175,183,-15.768322,34.992245,2.17993,47.1,53.5,16.366123548354388,8.0,63.0
176,184,-15.06526,34.662515,-0.21521,0.0,0.0,0.0,0.0,0.0
177,185,-15.797853,35.073214,1.164225,38.48,41.0,18.103303565924094,7.0,62.0
178,186,-15.687215,35.564425,-0.37979,0.0,0.0,0.0,0.0,0.0
179,187,-11.0113,33.773235,0.11097,1.29,0.0,2.589575254747388,0.0,7.0
180,188,-9.937434,33.926082,0.64169,7.23,7.5,5.983067774979655,0.0,21.0
181,189,-13.383207,33.995762,1.63174,0.0,0.0,0.0,0.0,0.0
182,190,-12.640106,33.49307,-0.132335,0.0,0.0,0.0,0.0,0.0
183,191,-13.635456,33.634148,-0.5087,0.0,0.0,0.0,0.0,0.0
184,192,-12.499181,34.14096,1.083955,4.28,6.0,4.125724178856362,0.0,10.0
185,193,-11.523221,34.151666,0.170635,0.0,0.0,0.0,0.0,0.0
186,194,-9.691407,33.871781,-0.33777,0.0,0.0,0.0,0.0,0.0
187,195,-15.806168,35.651164,1.56312,1.41,0.0,2.664939023692663,0.0,7.0
188,196,-9.700849,33.268808,0.87247,3.99,0.0,4.353148286010942,0.0,13.0
189,197,-16.524022,35.035445,-0.134035,0.0,0.0,0.0,0.0,0.0
190,198,-16.022248,35.293089,0.934445,4.17,0.0,4.660590091394007,0.0,14.0
191,199,-15.659746,35.256065,-0.44249,0.0,0.0,0.0,0.0,0.0
192,200,-13.638889,33.785676,-0.67813,0.71,0.0,2.2640450525552707,0.0,9.0
193,201,-10.980904,33.97938,0.36141,1.08,0.0,2.394493683432888,0.0,7.0
194,202,-13.576137,34.315999,-0.59789,0.0,0.0,0.0,0.0,0.0
195,203,-11.901844,33.599911,0.415615,8.22,7.0,8.946038229294574,0.0,31.0
196,204,-16.144656,34.792836,-0.467735,0.0,0.0,0.0,0.0,0.0
197,206,-11.196974,33.89757,-0.110165,0.24,0.0,1.1757550765359257,0.0,6.0
198,207,-10.483504,34.185008,-0.086565,0.92,0.0,2.296432015105172,0.0,8.0
199,208,-14.399593,34.148079,-0.59264,0.0,0.0,0.0,0.0,0.0
200,209,-13.999585,33.781273,4.75359,49.6,55.0,13.512216694532395,11.0,62.0
201,210,-10.475024,34.183006,0.15322,1.27,0.0,2.6452032058048016,0.0,8.0
202,211,-14.395407,33.696017,-0.62997,0.0,0.0,0.0,0.0,0.0
203,212,-13.784786,34.020141,-0.55908,0.0,0.0,0.0,0.0,0.0
204,213,-16.105101,35.441706,-0.34887,0.0,0.0,0.0,0.0,0.0
205,214,-14.039988,33.038957,-0.445325,0.0,0.0,0.0,0.0,0.0
206,215,-9.591525,33.308193,-0.506885,0.0,0.0,0.0,0.0,0.0
207,216,-14.873149,35.634861,-0.531555,0.0,0.0,0.0,0.0,0.0
208,218,-9.508737,33.302022,-0.093205,0.0,0.0,0.0,0.0,0.0
209,219,-12.596036,33.428215,1.541435,0.0,0.0,0.0,0.0,0.0
210,220,-13.916568,33.768071,0.32223,45.19,45.0,9.780281182051976,19.0,62.0
211,221,-11.890321,33.584783,0.90985,7.98,7.0,9.055363051805266,0.0,31.0
212,222,-15.187339,35.273602,-0.22825,0.0,0.0,0.0,0.0,0.0
213,223,-15.771636,34.576213,-0.64131,0.0,0.0,0.0,0.0,0.0
214,224,-13.527307,34.269707,-0.6106,0.0,0.0,0.0,0.0,0.0
215,225,-9.508688,33.17032,0.16643,0.0,0.0,0.0,0.0,0.0
216,226,-16.044229,34.980508,-0.43687,0.31,0.0,1.3542156401400776,0.0,7.0
217,227,-9.818749,33.564404,-0.35125,0.0,0.0,0.0,0.0,0.0
218,228,-14.165891,34.022157,-0.71987,0.0,0.0,0.0,0.0,0.0
219,229,-11.899704,33.60205,1.00358,8.22,7.0,8.946038229294574,0.0,31.0
220,230,-17.067927,35.100017,-0.6856,0.0,0.0,0.0,0.0,0.0
221,231,-13.58594,32.903448,-0.594735,0.0,0.0,0.0,0.0,0.0
222,232,-13.927944,33.147867,-0.634095,0.0,0.0,0.0,0.0,0.0
223,233,-12.824842,33.791937,-0.36729,0.0,0.0,0.0,0.0,0.0
224,234,-15.60015,35.55282,-0.50528,0.0,0.0,0.0,0.0,0.0
225,235,-13.435793,33.824132,-0.33638,0.0,0.0,0.0,0.0,0.0
226,236,-15.289079,34.869777,-0.46566,0.0,0.0,0.0,0.0,0.0
227,237,-9.888588,33.915408,-0.466965,2.46,0.0,4.299813949463395,0.0,17.0
228,238,-15.608861,34.511797,0.033385,5.96,7.5,5.300792393595509,0.0,15.0
229,239,-15.768894,35.029754,1.827105,51.24,55.0,10.895980910409124,30.0,63.0
230,240,-15.862092,35.081176,-0.17914,21.41,14.0,18.107509491920748,0.0,60.0
231,241,-15.09231,35.253826,-0.40999,5.15,0.0,6.353542319053206,0.0,20.0
232,242,-15.392243,34.669811,-0.53617,0.26,0.0,1.277654100294755,0.0,7.0
233,243,-9.65023,33.785014,-0.46985,0.0,0.0,0.0,0.0,0.0
234,244,-11.062427,33.590948,-0.1709,0.0,0.0,0.0,0.0,0.0
235,245,-14.375129,34.009887,-0.63869,0.0,0.0,0.0,0.0,0.0
236,246,-14.657839,34.620629,-0.54143,0.0,0.0,0.0,0.0,0.0
237,247,-15.576097,35.227641,-0.390015,0.88,0.0,2.098952119511067,0.0,6.0
238,248,-9.644865,33.402977,-0.5081,0.0,0.0,0.0,0.0,0.0
239,249,-15.881483,35.402483,-0.43972,0.0,0.0,0.0,0.0,0.0
240,250,-12.854364,34.206276,-0.493365,0.0,0.0,0.0,0.0,0.0
241,251,-14.337058,34.449045,-0.308245,0.0,0.0,0.0,0.0,0.0
242,252,-15.872526,35.755157,-0.46577,0.0,0.0,0.0,0.0,0.0
243,254,-13.19905,34.016209,-0.673705,0.0,0.0,0.0,0.0,0.0
244,255,-13.11139,33.524481,-0.20145,0.7,0.0,2.1330729007701543,0.0,9.0
245,256,-15.559185,34.500341,-0.503205,3.93,0.0,4.950262619296072,0.0,15.0
246,257,-17.01465,35.194647,-0.630615,0.0,0.0,0.0,0.0,0.0
247,258,-13.278332,33.679527,-0.6396,0.63,0.0,2.138480769144301,0.0,8.0
248,259,-15.910202,35.271064,-0.20299,0.0,0.0,0.0,0.0,0.0
249,260,-15.629476,34.637349,-0.10937,0.0,0.0,0.0,0.0,0.0
250,261,-13.988833,33.779056,1.24986,52.83,57.5,10.98549498202061,17.0,62.0
251,262,-9.946898,33.400261,-0.30098,0.0,0.0,0.0,0.0,0.0
252,263,-13.842155,33.148424,-0.50859,0.0,0.0,0.0,0.0,0.0
253,264,-13.977697,33.799278,2.69826,49.1,57.5,15.417198189035517,13.0,62.0
254,265,-14.479435,34.050819,-0.66342,0.25,0.0,1.2278029157808674,0.0,7.0
255,266,-14.358492,35.500162,0.11236,1.59,0.0,2.9328995891438217,0.0,8.0
256,267,-13.948613,33.34816,-0.14759,0.43,0.0,1.570063692975543,0.0,7.0
257,268,-15.61645,35.81418,-0.54023,0.0,0.0,0.0,0.0,0.0
258,269,-15.76456,35.012107,1.38785,51.98,56.0,11.737103560930183,13.0,63.0
259,270,-15.006394,34.896452,-0.448,2.46,0.0,5.284732727395019,0.0,24.0
260,271,-13.270992,33.742021,-0.60067,0.55,0.0,1.8674849396983098,0.0,7.0
261,272,-15.105269,34.714596,-0.6662,0.0,0.0,0.0,0.0,0.0
262,273,-11.662442,34.3013,0.04351,1.44,0.0,3.2964223030431037,0.0,13.0
263,274,-13.546961,33.75476,-0.19827,4.91,0.0,5.885736997182255,0.0,18.0
264,275,-14.082067,34.46943,-0.357575,0.0,0.0,0.0,0.0,0.0
265,276,-15.526761,34.635628,-0.67552,0.0,0.0,0.0,0.0,0.0
266,277,-16.176647,35.31898,-0.44158,0.0,0.0,0.0,0.0,0.0
267,278,-13.30512,33.807943,-0.61394,0.0,0.0,0.0,0.0,0.0
268,279,-13.692594,34.337171,-0.5839,0.0,0.0,0.0,0.0,0.0
269,280,-14.0644,33.809233,-0.47513,11.42,8.5,11.110517539700838,0.0,47.0
270,281,-13.019296,33.705659,-0.31982,1.49,0.0,3.099983870925783,0.0,9.0
271,282,-13.809844,33.764957,-0.47081,7.09,8.0,4.552131368930383,0.0,16.0
272,284,-15.609632,34.519853,2.201815,5.58,6.0,5.43540246899896,0.0,15.0
273,285,-15.427026,34.806952,-0.17745,0.93,0.0,2.421796853577938,0.0,8.0
274,286,-13.940302,34.412805,-0.59814,0.0,0.0,0.0,0.0,0.0
275,287,-16.109735,35.527632,-0.48713,0.61,0.0,1.7429572570777516,0.0,6.0
276,288,-15.917887,35.489905,-0.037155,0.0,0.0,0.0,0.0,0.0
277,289,-15.760441,35.045623,1.95718,46.22,46.0,12.342268835185855,19.0,63.0
278,290,-15.780158,34.98402,0.880075,45.42,55.0,18.28670555348885,9.0,63.0
279,291,-15.474445,34.674657,-0.73304,0.0,0.0,0.0,0.0,0.0
280,292,-14.362735,35.039309,-0.486385,0.0,0.0,0.0,0.0,0.0
281,293,-15.818608,35.048704,1.001025,49.46,53.0,12.062686267991886,19.0,63.0
282,294,-15.282111,35.239086,-0.48761,0.0,0.0,0.0,0.0,0.0
283,295,-15.586065,35.010053,-0.16297,2.48,0.0,3.3480740732546526,0.0,9.0
284,296,-11.370315,34.203712,-0.31047,0.0,0.0,0.0,0.0,0.0
285,297,-13.052931,33.453517,0.703405,6.98,0.0,9.049839777587223,0.0,31.0
286,298,-13.524827,34.000781,-0.70725,0.0,0.0,0.0,0.0,0.0
287,299,-10.994296,33.682753,0.09577,0.12,0.0,0.8399999999999999,0.0,6.0
288,300,-10.269614,34.086991,-0.34078,0.0,0.0,0.0,0.0,0.0
289,302,-15.771519,35.046762,1.77948,47.8,50.0,12.716917865583627,21.0,63.0
290,303,-13.750423,34.596492,0.06701,3.45,0.0,3.774586070021453,0.0,9.0
291,304,-13.658532,33.959803,-0.5061,1.16,0.0,2.6822378716288386,0.0,9.0
292,305,-16.070749,35.665198,0.53869,3.81,6.0,3.8436831294996208,0.0,13.0
293,306,-15.586372,34.526843,-0.56692,5.06,0.0,5.525975027087979,0.0,15.0
294,307,-16.039542,35.443417,-0.534205,2.13,0.0,3.686882151628935,0.0,12.0
295,308,-16.122579,35.261903,0.104095,0.0,0.0,0.0,0.0,0.0
296,309,-16.237773,35.230049,-0.109735,0.0,0.0,0.0,0.0,0.0
297,310,-15.762092,34.999108,1.369465,47.44,52.0,14.981535301830716,9.0,63.0
298,311,-13.592379,34.299032,-0.65366,0.0,0.0,0.0,0.0,0.0
299,312,-16.245292,34.854504,-0.1061,8.52,8.0,6.207221600684158,0.0,21.0
300,313,-15.612111,34.525917,1.09875,5.08,0.0,5.529339924439444,0.0,15.0
301,314,-11.683046,34.152954,-0.12329,0.0,0.0,0.0,0.0,0.0
302,315,-16.422075,34.836729,-0.25426,1.83,0.0,3.108231008145952,0.0,11.0
303,316,-13.369448,33.917313,-0.28595,3.29,0.0,4.343489380670799,0.0,13.0
304,317,-14.720816,34.751192,-0.603325,0.0,0.0,0.0,0.0,0.0
305,318,-15.716904,35.215756,-0.39689,0.62,0.0,1.8642961138188323,0.0,7.0
306,319,-17.116384,35.156573,-0.45096,0.0,0.0,0.0,0.0,0.0
307,320,-11.012961,33.856732,0.578435,4.84,0.0,5.425347915111066,0.0,16.0
308,321,-15.531287,35.341688,-0.32714,0.3,0.0,1.307669683062202,0.0,6.0
309,322,-17.021595,35.1881,-0.24601,0.0,0.0,0.0,0.0,0.0
310,323,-14.441444,35.256648,-0.50754,5.37,0.0,8.270012091889589,0.0,31.0
311,324,-10.869925,33.999672,0.20425,0.0,0.0,0.0,0.0,0.0
312,325,-14.36806,34.349812,0.21562,4.71,0.0,7.044565281122747,0.0,23.0
313,326,-12.336979,33.383647,-0.47794,0.0,0.0,0.0,0.0,0.0
314,327,-14.199902,34.510435,-0.4964,0.0,0.0,0.0,0.0,0.0
315,328,-16.7962,35.278614,-0.4123,0.0,0.0,0.0,0.0,0.0
316,329,-16.430022,35.193435,-0.618365,0.42,0.0,1.5308820986607692,0.0,6.0
317,330,-9.704379,33.276363,1.25805,3.93,0.0,4.366360040124954,0.0,13.0
318,331,-15.339192,34.669201,-0.33197,0.0,0.0,0.0,0.0,0.0
319,332,-14.708871,34.673647,-0.10033,0.0,0.0,0.0,0.0,0.0
320,333,-13.452774,33.44738,-0.55794,0.0,0.0,0.0,0.0,0.0
321,334,-15.817601,35.096306,1.1683,23.65,17.5,18.386611977196885,0.0,60.0
322,335,-15.349773,34.928384,-0.091135,0.0,0.0,0.0,0.0,0.0
323,336,-13.467281,33.889144,-0.50014,0.0,0.0,0.0,0.0,0.0
324,337,-15.911843,35.381372,-0.3957,0.23,0.0,1.1300884921102419,0.0,6.0
325,338,-15.772709,35.167822,-0.3868,1.63,0.0,2.6857215045495684,0.0,7.0
326,339,-14.286905,34.177318,-0.48676,0.58,0.0,1.850297273413113,0.0,7.0
327,340,-13.904092,35.127594,-0.61997,0.0,0.0,0.0,0.0,0.0
328,341,-14.503556,34.693769,-0.5244,0.0,0.0,0.0,0.0,0.0
329,342,-11.012354,33.859211,1.11496,4.6,0.0,5.4571054598569,0.0,16.0
330,343,-14.377352,35.146564,0.29799,2.49,0.0,3.6755815866336037,0.0,12.0
331,344,-13.970099,33.640791,-0.407755,4.52,6.0,3.935682914056974,0.0,13.0
332,345,-15.743927,35.772575,-0.34667,0.48,0.0,1.633891061240008,0.0,7.0
333,346,-14.485607,35.677324,-0.632885,0.0,0.0,0.0,0.0,0.0
334,347,-15.174533,35.100929,-0.38157,0.0,0.0,0.0,0.0,0.0
335,348,-15.018728,35.059547,-0.3286,0.0,0.0,0.0,0.0,0.0
336,349,-16.080486,34.955285,-0.53632,0.0,0.0,0.0,0.0,0.0
337,350,-13.545216,33.742455,-0.39912,6.19,7.0,5.700342094997457,0.0,18.0
338,351,-9.649402,33.388282,0.001375,0.0,0.0,0.0,0.0,0.0
339,352,-13.792605,32.939756,-0.2662,1.19,0.0,3.035440659937203,0.0,12.0
340,353,-15.351952,34.781995,-0.520735,0.0,0.0,0.0,0.0,0.0
341,354,-9.590638,33.263515,-0.49747,0.0,0.0,0.0,0.0,0.0
342,355,-15.975258,34.89137,-0.584995,0.0,0.0,0.0,0.0,0.0
343,356,-12.839113,33.361697,-0.459675,0.0,0.0,0.0,0.0,0.0
344,357,-12.524018,33.509203,0.86312,0.36,0.0,1.5717506163510806,0.0,8.0
345,358,-14.804253,34.607452,2.4656,6.48,6.0,7.17701887972994,0.0,25.0
346,359,-16.048675,34.806654,0.255,3.53,0.0,4.0582138928351235,0.0,11.0
347,360,-15.019001,35.161644,-0.25613,3.16,0.0,4.095656235574466,0.0,12.0
348,361,-13.979173,33.789448,1.618365,52.66,59.0,11.511924252704237,23.0,62.0
349,362,-15.628957,35.105565,-0.42778,0.32,0.0,1.3991425945914162,0.0,7.0
350,363,-13.427654,33.942495,-0.47434,0.0,0.0,0.0,0.0,0.0
351,364,-15.06689,35.491946,-0.60036,0.0,0.0,0.0,0.0,0.0
352,365,-16.772823,35.26068,-0.3693,0.0,0.0,0.0,0.0,0.0
353,366,-15.836095,35.377684,-0.43541,0.0,0.0,0.0,0.0,0.0
354,367,-14.959826,34.927193,0.20185,5.44,0.0,8.331050353946974,0.0,28.0
355,368,-16.010126,34.865917,-0.30834,0.0,0.0,0.0,0.0,0.0
356,369,-10.985086,33.559808,-0.13934,0.0,0.0,0.0,0.0,0.0
357,370,-15.461369,34.784118,-0.0528,0.12,0.0,0.84,0.0,6.0
358,372,-15.973882,35.777124,-0.430565,0.0,0.0,0.0,0.0,0.0
359,373,-15.609182,34.507409,1.08641,5.96,7.5,5.300792393595509,0.0,15.0
360,374,-15.850064,35.070988,1.64554,27.37,22.0,19.23104521340429,0.0,62.0
361,375,-13.984932,33.778536,1.771635,55.07,59.0,8.484403337890061,24.0,62.0
362,376,-15.562065,35.38786,-0.488635,0.72,0.0,1.9497692171126304,0.0,6.0
363,377,-10.419464,33.669728,-0.61296,0.0,0.0,0.0,0.0,0.0
364,378,-16.117735,35.613243,-0.4156,1.02,0.0,2.2537967965191537,0.0,6.0
365,379,-11.578799,34.258093,-0.10413,2.09,0.0,4.125760535949706,0.0,14.0
366,380,-16.268233,35.212532,-0.297555,0.0,0.0,0.0,0.0,0.0
367,381,-14.91184,34.708748,-0.209845,0.0,0.0,0.0,0.0,0.0
368,382,-14.969028,34.84522,-0.311505,0.06,0.0,0.596992462263972,0.0,6.0
369,383,-16.634347,35.168991,-0.679285,0.0,0.0,0.0,0.0,0.0
370,384,-9.926012,33.934398,1.22429,6.19,6.0,6.421362783708766,0.0,21.0
371,385,-15.759819,35.146247,-0.058895,3.1,0.0,3.3867388443752193,0.0,10.0
372,386,-12.991891,34.190819,-0.471545,0.0,0.0,0.0,0.0,0.0
373,387,-15.704767,35.172419,1.38291,1.82,0.0,2.7942082957431786,0.0,7.0
374,388,-13.996334,34.1033,-0.677505,0.0,0.0,0.0,0.0,0.0
375,389,-13.758881,34.446925,1.781885,5.75,6.0,6.2599920127744575,0.0,19.0
376,390,-13.99346,33.782417,3.38107,52.75,57.5,10.748371969745,18.0,62.0
377,391,-16.016412,35.126059,0.24331,1.27,0.0,2.6790110115488512,0.0,9.0
378,392,-13.674976,33.776269,-0.43793,0.71,0.0,2.2640450525552707,0.0,9.0
379,393,-14.945878,35.834371,-0.296075,0.26,0.0,1.277654100294755,0.0,7.0
380,394,-11.352351,33.907486,1.23244,2.65,0.0,4.506384359994163,0.0,14.0
381,395,-16.097282,34.82731,-0.11042,0.44,0.0,1.6144348856488455,0.0,7.0
382,396,-14.846471,34.861996,-0.40332,0.0,0.0,0.0,0.0,0.0
383,397,-13.561424,33.617885,-0.561195,0.0,0.0,0.0,0.0,0.0
384,398,-15.830632,35.066719,2.08138,37.3,38.0,18.174432590867866,6.0,63.0
385,399,-13.348643,33.048117,-0.16732,0.0,0.0,0.0,0.0,0.0
386,400,-12.399259,34.126558,-0.59886,0.0,0.0,0.0,0.0,0.0
387,401,-15.451066,35.344326,-0.41823,4.49,0.0,7.75305746141482,0.0,33.0
388,402,-14.98013,35.498192,0.475355,1.59,0.0,2.8393485168256465,0.0,7.0
389,403,-10.769841,34.198534,0.89167,0.0,0.0,0.0,0.0,0.0
390,404,-13.107431,33.847306,-0.512895,1.16,0.0,2.883470131629596,0.0,9.0
391,405,-15.710792,35.138304,-0.46421,3.26,0.0,3.520284079445862,0.0,11.0
392,406,-16.114286,35.528686,0.12314,0.61,0.0,1.7429572570777516,0.0,6.0
393,407,-12.429858,33.643475,-0.50777,0.0,0.0,0.0,0.0,0.0
394,408,-13.358386,33.840889,-0.43903,0.0,0.0,0.0,0.0,0.0
395,409,-12.469382,34.149331,0.95212,2.21,0.0,3.688617627241945,0.0,10.0
396,410,-16.566304,34.915301,-0.58487,0.0,0.0,0.0,0.0,0.0
397,411,-12.035921,33.386929,-0.55848,0.0,0.0,0.0,0.0,0.0
398,412,-15.833701,35.041294,0.54196,43.84,49.0,17.623121176454525,8.0,63.0
399,413,-10.937444,34.21082,0.05213,0.0,0.0,0.0,0.0,0.0
400,414,-12.423106,34.136086,0.58933,0.0,0.0,0.0,0.0,0.0
401,415,-11.550966,33.515586,-0.49072,0.0,0.0,0.0,0.0,0.0
402,416,-9.742625,33.334989,-0.312975,0.12,0.0,0.8400000000000001,0.0,6.0
403,417,-13.98526,33.780268,2.537155,54.8,59.0,8.705170877128145,26.0,62.0
404,418,-12.952568,33.802491,-0.44619,0.68,0.0,2.167394749463051,0.0,8.0
405,419,-15.772112,35.672172,-0.24937,1.05,0.0,2.414021540914662,0.0,7.0
406,420,-15.58151,34.475411,0.853705,5.39,6.0,4.908961193572424,0.0,15.0
407,421,-10.679696,34.098057,-0.385435,0.0,0.0,0.0,0.0,0.0
408,422,-15.770513,35.040999,2.19935,49.02,51.0,11.697845955559512,23.0,63.0
409,423,-13.753054,32.862986,-0.28587,1.97,0.0,4.316144112515244,0.0,16.0
410,424,-15.330659,35.432854,-0.29356,0.81,0.0,2.2076911015810152,0.0,8.0
411,425,-13.4854,34.358971,-0.656785,0.0,0.0,0.0,0.0,0.0
412,426,-15.397688,34.643035,0.27592,0.26,0.0,1.277654100294755,0.0,7.0
413,427,-14.970417,34.953404,0.067515,7.6,6.0,8.591856609604235,0.0,28.0
414,428,-15.762426,34.980107,2.579775,40.71,45.5,19.23293789310411,8.0,63.0
415,429,-13.984771,34.080204,-0.78856,0.0,0.0,0.0,0.0,0.0
416,430,-15.769884,35.032805,1.84348,51.24,55.0,10.895980910409124,30.0,63.0
417,431,-15.773442,34.458178,-0.49831,0.0,0.0,0.0,0.0,0.0
418,432,-15.600961,34.531792,0.22093,4.52,0.0,5.461648102908134,0.0,15.0
419,434,-13.571579,33.075901,-0.62623,0.06,0.0,0.596992462263972,0.0,6.0
420,435,-13.891826,33.811879,-0.01933,22.71,16.0,15.56617807941307,0.0,54.0
421,436,-12.586564,33.641953,-0.26004,0.0,0.0,0.0,0.0,0.0
422,437,-15.717746,35.078927,1.55602,16.51,11.5,11.248551017797803,0.0,41.0
423,438,-14.941762,35.121393,-0.58761,0.0,0.0,0.0,0.0,0.0
424,439,-15.60903,34.497147,-0.50436,6.17,7.5,5.198182374638273,0.0,15.0
425,440,-14.97522,34.960126,1.4128,8.34,7.0,8.375225370101989,0.0,28.0
426,441,-12.175683,33.719514,-0.45267,0.0,0.0,0.0,0.0,0.0
427,442,-15.834682,35.069449,1.51963,37.3,38.0,18.174432590867866,6.0,63.0
428,443,-13.138971,34.250389,-0.369975,0.0,0.0,0.0,0.0,0.0
429,444,-12.307006,33.791199,-0.51401,0.0,0.0,0.0,0.0,0.0
430,445,-15.765688,35.613522,-0.43033,0.78,0.0,2.119339519756096,0.0,7.0
431,446,-14.207238,34.08027,-0.475245,0.0,0.0,0.0,0.0,0.0
432,447,-15.774661,34.353836,-0.558045,0.0,0.0,0.0,0.0,0.0
433,448,-13.39595,34.285905,-0.61057,0.0,0.0,0.0,0.0,0.0
434,449,-10.446276,34.212788,0.83821,2.01,0.0,3.0248801629155495,0.0,8.0
435,450,-15.514975,35.45539,-0.38145,0.0,0.0,0.0,0.0,0.0
436,451,-14.35619,34.345541,-0.72017,4.59,0.0,6.992989346481232,0.0,23.0
437,452,-15.976537,35.4831,0.28132,3.12,0.0,4.350356307246568,0.0,13.0
438,454,-14.383,34.179661,-0.65528,0.0,0.0,0.0,0.0,0.0
439,455,-11.766855,34.234409,0.09616,0.0,0.0,0.0,0.0,0.0
440,456,-15.992646,35.378723,-0.27967,1.29,0.0,2.4384216206390557,0.0,7.0
441,457,-14.749349,35.665501,-0.595985,0.0,0.0,0.0,0.0,0.0
442,458,-14.921475,35.0188,-0.56193,0.0,0.0,0.0,0.0,0.0
443,459,-14.404305,35.419496,-0.56587,0.0,0.0,0.0,0.0,0.0
444,461,-9.94123,33.939792,0.109855,6.19,6.0,6.281233955203388,0.0,21.0
445,462,-13.288517,33.497789,0.18594,1.11,0.0,2.8806075748008433,0.0,10.0
446,463,-15.639787,35.756854,-0.30652,0.0,0.0,0.0,0.0,0.0
447,464,-16.051764,35.599073,-0.48342,1.87,0.0,2.795192301076976,0.0,7.0
448,465,-13.591672,34.494893,-0.677735,0.0,0.0,0.0,0.0,0.0
449,466,-9.753827,33.3531,-0.31013,0.0,0.0,0.0,0.0,0.0
450,468,-12.98034,34.28734,-0.61867,1.14,0.0,3.0529330159700527,0.0,13.0
451,469,-15.592187,34.499641,1.80554,6.52,7.5,4.962821777980749,0.0,15.0
452,470,-11.795507,33.47532,-0.1952,0.0,0.0,0.0,0.0,0.0
453,471,-11.681093,34.250683,0.434425,0.0,0.0,0.0,0.0,0.0
454,472,-13.438281,34.244797,-0.46895,0.0,0.0,0.0,0.0,0.0
455,473,-15.37265,35.368528,0.530405,11.57,8.5,10.32109974760442,0.0,39.0
456,474,-14.711023,35.85026,-0.559075,0.0,0.0,0.0,0.0,0.0
457,475,-13.223602,34.291677,-0.41199,0.0,0.0,0.0,0.0,0.0
458,476,-16.088617,35.045732,-0.3475,0.34,0.0,1.3507035203922435,0.0,6.0
459,477,-13.983059,33.79134,3.04892,52.66,59.0,11.511924252704237,23.0,62.0
460,478,-15.866537,35.30351,-0.42666,0.0,0.0,0.0,0.0,0.0
461,479,-15.791752,35.534352,-0.37451,0.0,0.0,0.0,0.0,0.0
462,480,-15.632861,35.705038,-0.45094,0.0,0.0,0.0,0.0,0.0
463,481,-14.534734,35.349057,-0.465045,0.0,0.0,0.0,0.0,0.0
464,482,-14.433853,34.738446,-0.484015,0.0,0.0,0.0,0.0,0.0
465,483,-12.922565,34.286586,1.02327,5.99,6.0,6.587101031561609,0.0,21.0
466,484,-14.068343,34.03577,-0.66222,0.0,0.0,0.0,0.0,0.0
467,485,-10.060179,33.709099,-0.35488,1.14,0.0,3.136941185295,0.0,14.0
468,486,-15.540056,35.790628,-0.483565,0.0,0.0,0.0,0.0,0.0
469,487,-15.250574,35.106676,-0.49469,0.0,0.0,0.0,0.0,0.0
470,488,-9.790185,33.843066,-0.302905,0.0,0.0,0.0,0.0,0.0
471,489,-16.318043,35.113076,-0.54716,0.0,0.0,0.0,0.0,0.0
472,490,-15.747656,34.3784,-0.58149,0.0,0.0,0.0,0.0,0.0
473,491,-14.698677,34.652727,-0.32396,0.0,0.0,0.0,0.0,0.0
474,492,-13.889609,32.960962,-0.549505,0.0,0.0,0.0,0.0,0.0
475,493,-10.857656,33.761553,-0.005515,0.0,0.0,0.0,0.0,0.0
476,494,-11.610125,34.283566,0.55754,3.93,0.0,4.714350432456205,0.0,14.0
477,495,-11.80202,34.150364,0.194275,1.41,0.0,2.963427070133497,0.0,10.0
478,496,-13.952934,33.284969,-0.33574,0.0,0.0,0.0,0.0,0.0
479,497,-13.266746,33.883214,-0.52331,0.0,0.0,0.0,0.0,0.0
480,498,-15.521256,34.443942,-0.444475,0.24,0.0,1.1757550765359255,0.0,6.0
481,499,-12.252913,34.012915,-0.28431,0.0,0.0,0.0,0.0,0.0
482,500,-16.111731,35.159471,0.00784,2.26,0.0,3.767280186022803,0.0,12.0
483,501,-13.720826,33.714239,-0.45515,0.0,0.0,0.0,0.0,0.0
484,502,-14.818879,34.626658,1.698495,6.57,6.0,7.205907298876387,0.0,25.0
485,503,-15.520762,35.287714,-0.36041,0.12,0.0,0.8400000000000001,0.0,6.0
486,504,-15.252782,35.485202,-0.57963,0.07,0.0,0.6964912059746339,0.0,7.0
487,505,-13.848411,34.474806,-0.50461,0.14,0.0,0.9799999999999996,0.0,7.0
488,506,-14.751031,34.840337,-0.27207,0.0,0.0,0.0,0.0,0.0
489,507,-15.947212,35.450375,-0.34413,0.73,0.0,1.9842126902124175,0.0,7.0
490,508,-15.841384,34.987266,0.16947,26.79,18.0,19.810247348279123,7.0,63.0
491,509,-15.288124,34.671793,-0.538915,0.0,0.0,0.0,0.0,0.0
492,510,-13.774392,34.46282,1.11474,5.45,0.0,6.271164166245371,0.0,19.0
493,511,-15.315179,34.684763,-0.66047,0.0,0.0,0.0,0.0,0.0
494,512,-14.375948,35.460295,-0.56842,1.18,0.0,2.6282313444596155,0.0,8.0
495,513,-15.677259,35.31503,0.182735,0.0,0.0,0.0,0.0,0.0
496,514,-15.389239,34.557214,-0.57719,0.0,0.0,0.0,0.0,0.0
497,515,-15.830084,35.234476,-0.52446,0.54,0.0,1.976967374541118,0.0,8.0
498,516,-15.399161,35.322195,1.81663,20.23,18.5,10.680688180075288,0.0,43.0
499,517,-13.433703,34.11811,-0.6318,0.0,0.0,0.0,0.0,0.0
500,518,-16.516724,34.835624,-0.627595,0.63,0.0,2.17096752624262,0.0,10.0
501,519,-15.767539,35.571145,-0.25305,0.0,0.0,0.0,0.0,0.0
502,520,-16.291151,34.832304,-0.22815,3.72,0.0,6.182362008164841,0.0,21.0
503,521,-15.192779,35.438166,-0.463285,0.44,0.0,1.7453939383417143,0.0,8.0
504,522,-9.937509,33.928131,-0.24423,7.65,8.0,5.703288525052893,0.0,21.0
505,523,-14.442166,34.471441,-0.49874,0.0,0.0,0.0,0.0,0.0
506,524,-13.237026,33.452326,-0.12588,0.88,0.0,2.5230140705116963,0.0,10.0
507,525,-13.337461,33.243578,-0.32468,0.0,0.0,0.0,0.0,0.0
508,526,-16.034767,35.493971,3.18533,6.29,7.0,4.75666900256892,0.0,14.0
509,527,-14.929629,35.144286,-0.40171,0.0,0.0,0.0,0.0,0.0
510,528,-13.602542,33.175677,-0.41358,0.83,0.0,2.498219365868418,0.0,9.0
511,529,-14.504628,34.500044,-0.553915,0.0,0.0,0.0,0.0,0.0
512,530,-16.281309,35.209823,-0.48322,0.0,0.0,0.0,0.0,0.0
513,531,-12.802948,33.632222,-0.530795,0.0,0.0,0.0,0.0,0.0
514,532,-16.055145,35.600005,-0.30153,1.87,0.0,2.795192301076976,0.0,7.0
515,533,-12.667715,33.276712,-0.49919,0.0,0.0,0.0,0.0,0.0
516,534,-14.709783,34.870121,-0.43759,0.0,0.0,0.0,0.0,0.0
517,535,-15.755898,35.081663,1.99585,25.89,27.0,14.937801042991566,6.0,61.0
518,536,-15.397278,34.667761,-0.65451,0.26,0.0,1.277654100294755,0.0,7.0
519,537,-14.663252,35.749959,-0.51436,0.0,0.0,0.0,0.0,0.0
520,538,-13.396792,34.042983,-0.53253,0.0,0.0,0.0,0.0,0.0
521,539,-11.46417,33.436221,-0.04228,0.83,0.0,2.154321238812819,0.0,7.0
522,540,-9.851249,33.854763,-0.69331,0.0,0.0,0.0,0.0,0.0
523,541,-16.456775,34.833348,-0.695995,2.26,0.0,3.65956281541935,0.0,11.0
524,542,-14.316463,34.030289,-0.63794,0.41,0.0,1.6253922603482518,0.0,7.0
525,543,-14.327787,34.17726,-0.52537,0.58,0.0,1.850297273413113,0.0,7.0
526,544,-9.79167,33.886616,-0.35306,0.0,0.0,0.0,0.0,0.0
527,545,-16.552319,35.098245,-0.33984,2.17,0.0,3.566665109033928,0.0,11.0
528,546,-11.987692,34.052548,-0.29421,0.0,0.0,0.0,0.0,0.0
529,547,-13.83672,33.5921,-0.529505,0.0,0.0,0.0,0.0,0.0
530,549,-15.643461,35.292684,-0.38774,0.0,0.0,0.0,0.0,0.0
531,550,-11.006895,33.811988,0.24794,3.31,0.0,4.842922671280226,0.0,16.0
532,551,-13.188605,33.848411,-0.61325,1.37,0.0,2.8483503997928348,0.0,8.0
533,552,-15.689552,34.662317,-0.567905,0.0,0.0,0.0,0.0,0.0
534,553,-15.430655,34.614658,-0.67214,0.14,0.0,0.98,0.0,7.0
535,554,-11.082509,33.687683,-0.25977,0.0,0.0,0.0,0.0,0.0
536,555,-14.4697,35.261011,0.59406,9.29,8.5,9.114049593896228,0.0,31.0
537,556,-13.977037,33.788217,1.8301,52.96,59.0,11.649824033005821,19.0,62.0
538,557,-10.420592,34.179634,-0.224975,1.22,0.0,2.621373685684664,0.0,8.0
539,558,-15.747313,34.987323,2.978905,38.03,38.5,19.467128704562466,8.0,63.0
540,559,-15.801519,35.029466,3.55529,56.33,59.0,6.934053648480086,38.0,63.0
541,560,-16.227816,35.172284,-0.50602,0.0,0.0,0.0,0.0,0.0
542,561,-13.799247,32.898311,1.97841,5.13,0.0,5.907038174923198,0.0,18.0
543,562,-14.865456,35.808117,-0.6838,0.0,0.0,0.0,0.0,0.0
544,563,-13.464985,33.603023,0.19018,2.32,0.0,4.365501116710428,0.0,15.0
545,564,-15.818024,35.206239,-0.566305,1.47,0.0,2.87560428432008,0.0,8.0
546,565,-16.180423,35.09153,-0.12022,1.96,0.0,2.952693685433692,0.0,8.0
547,566,-15.751714,34.515334,-0.51198,0.0,0.0,0.0,0.0,0.0
548,567,-13.442482,33.547884,-0.11682,0.98,0.0,3.5832387584418646,0.0,15.0
549,568,-11.891043,33.595456,0.54098,7.98,7.0,9.055363051805267,0.0,31.0
550,569,-13.213528,33.909486,-0.55298,0.13,0.0,0.9127431182978046,0.0,7.0
551,570,-15.185867,34.58568,-0.50635,0.0,0.0,0.0,0.0,0.0
552,571,-9.92285,33.882858,0.73705,5.11,3.0,5.926035774444836,0.0,21.0
553,572,-14.078819,34.911433,1.5174,2.84,0.0,4.204093243494962,0.0,12.0
554,573,-15.763247,35.007363,1.791115,51.98,56.0,11.737103560930183,13.0,63.0
555,574,-10.546602,34.20386,0.017875,0.0,0.0,0.0,0.0,0.0
556,575,-12.87423,34.261632,-0.475665,1.5,0.0,3.9331920878594273,0.0,17.0
557,576,-13.889412,34.414164,-0.545105,0.0,0.0,0.0,0.0,0.0
558,577,-11.900851,33.609384,0.3569,7.74,6.5,9.106722791432711,0.0,31.0
559,578,-15.632941,34.521371,-0.379405,3.34,0.0,5.165694532199905,0.0,15.0
560,579,-13.849332,34.521124,-0.53199,0.0,0.0,0.0,0.0,0.0
561,580,-14.628586,35.654023,-0.51251,0.0,0.0,0.0,0.0,0.0
562,581,-14.829263,35.693312,-0.589,0.0,0.0,0.0,0.0,0.0
563,582,-10.925035,33.630649,0.07592,0.0,0.0,0.0,0.0,0.0
564,583,-14.83061,35.416826,-0.41128,0.0,0.0,0.0,0.0,0.0
565,584,-14.889089,34.630939,-0.67014,0.0,0.0,0.0,0.0,0.0
566,585,-13.736769,33.568515,-0.4091,0.13,0.0,0.9127431182978046,0.0,7.0
567,586,-13.195127,33.629457,-0.604355,0.0,0.0,0.0,0.0,0.0
568,587,-13.680312,34.258114,-0.56386,0.0,0.0,0.0,0.0,0.0
569,588,-14.11299,35.213775,-0.65383,0.0,0.0,0.0,0.0,0.0
570,589,-14.908016,34.792927,-0.3084,0.0,0.0,0.0,0.0,0.0
571,590,-10.946246,33.76112,0.5457,1.17,0.0,2.5101991952831155,0.0,7.0
572,591,-13.981036,33.792154,1.42371,52.66,59.0,11.511924252704237,23.0,62.0
573,592,-9.944994,33.939615,0.496755,6.19,6.0,6.281233955203388,0.0,21.0
574,593,-13.521142,33.336302,-0.31904,0.07,0.0,0.6964912059746339,0.0,7.0
575,594,-11.758936,33.937821,-0.12412,0.0,0.0,0.0,0.0,0.0
576,595,-9.927102,33.936633,0.159335,6.19,6.0,6.421362783708766,0.0,21.0
577,596,-13.908127,33.967737,-0.624215,0.0,0.0,0.0,0.0,0.0
578,597,-16.067074,35.317581,-0.12228,0.63,0.0,2.0280779077737625,0.0,9.0
579,598,-16.385135,35.11969,-0.46599,0.06,0.0,0.5969924622639721,0.0,6.0
580,599,-16.008543,35.303629,1.78914,4.71,6.0,4.492872132611833,0.0,14.0
581,600,-13.654845,33.411528,-0.536645,0.0,0.0,0.0,0.0,0.0
582,601,-15.209077,35.374741,0.050165,2.07,0.0,3.3533714378219424,0.0,9.0
583,602,-13.546579,33.147096,-0.270795,2.51,0.0,3.713475461074167,0.0,10.0
584,603,-9.738693,33.866773,0.36822,0.0,0.0,0.0,0.0,0.0
585,604,-12.949855,33.484641,-0.14291,0.27,0.0,1.3255564869140808,0.0,7.0
586,605,-15.843186,35.233593,-0.571145,0.54,0.0,1.976967374541118,0.0,8.0
587,606,-13.945491,33.220578,-0.561585,0.0,0.0,0.0,0.0,0.0
588,607,-11.706768,34.235928,-0.16796,0.0,0.0,0.0,0.0,0.0
589,608,-10.731628,34.045348,0.18347,0.0,0.0,0.0,0.0,0.0
590,609,-13.993597,33.782776,1.80857,52.75,57.5,10.748371969745,18.0,62.0
591,610,-15.083953,35.09686,-0.45858,0.0,0.0,0.0,0.0,0.0
592,611,-15.390023,35.005366,-0.56853,0.0,0.0,0.0,0.0,0.0
593,612,-15.395158,35.390683,-0.23144,5.1,0.0,6.966347680097513,0.0,28.0
594,613,-15.961935,34.990828,-0.34569,0.18,0.0,1.023523326553919,0.0,6.0
595,614,-15.515306,35.167505,-0.45081,1.23,0.0,2.391045796299184,0.0,6.0
596,615,-15.726875,35.215662,-0.43843,0.62,0.0,1.8642961138188323,0.0,7.0
597,616,-14.851833,35.727507,-0.51095,0.0,0.0,0.0,0.0,0.0
598,617,-16.17607,34.975162,-0.15436,0.0,0.0,0.0,0.0,0.0
599,618,-15.721799,35.729105,-0.282415,0.37,0.0,1.4673445403176444,0.0,7.0
600,619,-13.856752,33.258129,-0.42202,0.0,0.0,0.0,0.0,0.0
601,620,-13.108899,33.414496,-0.18537,0.0,0.0,0.0,0.0,0.0
602,621,-15.528497,35.656953,-0.58856,0.0,0.0,0.0,0.0,0.0
603,622,-15.784385,35.069253,1.59212,40.59,41.0,16.420776473723766,11.0,63.0
604,623,-16.010164,35.296923,1.48236,4.71,6.0,4.492872132611833,0.0,14.0
605,624,-15.84674,35.095554,1.06475,21.04,13.5,18.54341931791438,0.0,61.0
606,625,-15.337973,34.975147,-0.618195,0.0,0.0,0.0,0.0,0.0
607,626,-13.168991,33.801579,-0.514195,1.58,0.0,3.175468469375818,0.0,9.0
608,627,-13.340473,34.081096,-0.62398,0.0,0.0,0.0,0.0,0.0
609,628,-12.923056,34.287659,-0.4725,5.73,0.0,6.687084566535704,0.0,21.0
610,629,-15.760946,34.4231,-0.48103,0.0,0.0,0.0,0.0,0.0
611,630,-12.964354,33.85694,-0.41319,0.0,0.0,0.0,0.0,0.0
612,631,-15.347363,34.822559,-0.67335,0.0,0.0,0.0,0.0,0.0
613,632,-14.155618,33.839105,-0.5276,0.0,0.0,0.0,0.0,0.0
614,633,-14.997879,34.958055,1.22395,9.06,8.0,7.935767133680272,0.0,28.0
615,634,-13.779861,32.895784,-0.12019,5.39,6.0,5.818754162189703,0.0,18.0
616,635,-16.725834,35.20067,-0.63333,0.0,0.0,0.0,0.0,0.0
617,636,-14.022095,33.764071,0.63632,34.55,33.0,20.18384254793918,0.0,62.0
618,637,-15.707467,35.732827,-0.43105,0.06,0.0,0.5969924622639718,0.0,6.0
619,638,-14.89813,35.219905,-0.534585,0.06,0.0,0.5969924622639718,0.0,6.0
620,639,-16.514492,35.172339,-0.44032,0.0,0.0,0.0,0.0,0.0
621,640,-14.111233,34.168458,-0.65814,0.0,0.0,0.0,0.0,0.0
622,641,-13.585878,34.179026,-0.741,0.0,0.0,0.0,0.0,0.0
623,642,-11.915319,33.600311,0.95048,8.01,7.0,9.053722991123596,0.0,31.0
624,643,-13.80055,34.479957,-0.57385,3.57,0.0,5.660839160407226,0.0,19.0
625,644,-13.984429,35.272705,-0.648595,0.0,0.0,0.0,0.0,0.0
626,645,-15.608207,34.505716,-0.44604,5.96,7.5,5.300792393595509,0.0,15.0
627,646,-13.416549,33.748653,-0.59766,0.0,0.0,0.0,0.0,0.0
628,647,-14.677269,35.588849,-0.38355,0.0,0.0,0.0,0.0,0.0
629,648,-13.635627,33.963022,-0.61721,0.87,0.0,2.3776248652804757,0.0,9.0
630,649,-16.082135,35.112921,0.14864,4.08,6.0,4.080882257551668,0.0,12.0
631,650,-12.432224,34.057077,-0.46408,0.0,0.0,0.0,0.0,0.0
632,651,-14.433227,33.926142,-0.53161,0.0,0.0,0.0,0.0,0.0
633,652,-14.622729,35.16073,-0.60998,0.0,0.0,0.0,0.0,0.0
634,653,-14.761016,35.076145,-0.44617,0.0,0.0,0.0,0.0,0.0
635,654,-15.619787,35.213376,-0.08737,0.0,0.0,0.0,0.0,0.0
636,655,-13.113135,34.328788,-0.30529,0.0,0.0,0.0,0.0,0.0
637,656,-15.033182,34.961832,0.222615,4.41,0.0,6.7662323341723924,0.0,27.0
638,657,-12.993962,33.60439,-0.30424,0.07,0.0,0.6964912059746339,0.0,7.0
639,658,-13.640444,33.749202,-0.39378,0.71,0.0,2.264045052555271,0.0,9.0
640,659,-14.209973,35.406721,-0.68391,0.0,0.0,0.0,0.0,0.0
641,660,-15.176196,35.494909,-0.422515,0.0,0.0,0.0,0.0,0.0
642,661,-15.775663,35.291965,-0.45369,0.0,0.0,0.0,0.0,0.0
643,662,-14.939543,35.21257,-0.538425,0.0,0.0,0.0,0.0,0.0
644,663,-14.977136,35.865341,-0.08763,0.33,0.0,1.442601816164114,0.0,7.0
645,664,-9.57213,33.073945,-0.33415,0.0,0.0,0.0,0.0,0.0
646,665,-15.877773,35.254605,-0.29837,0.0,0.0,0.0,0.0,0.0
647,666,-15.76937,35.054157,1.393315,45.6,45.0,12.967652061957862,18.0,63.0
648,667,-15.492557,35.627558,-0.546735,0.0,0.0,0.0,0.0,0.0
649,668,-11.316547,33.986734,-0.07443,0.0,0.0,0.0,0.0,0.0
650,669,-13.639941,33.286977,-0.384475,0.0,0.0,0.0,0.0,0.0
651,670,-14.024641,33.570502,-0.406175,0.0,0.0,0.0,0.0,0.0
652,671,-13.768714,33.757479,-0.70282,4.8,0.0,5.4332310828824495,0.0,16.0
653,672,-9.658931,33.809039,-0.51478,0.0,0.0,0.0,0.0,0.0
654,673,-15.774284,35.023117,3.864035,54.53,59.0,9.590052137501651,33.0,63.0
655,674,-11.152635,33.664806,-0.234025,0.0,0.0,0.0,0.0,0.0
656,675,-16.91516,35.255991,0.63562,3.43,0.0,4.005633532913364,0.0,12.0
657,676,-17.010205,35.180508,-0.67996,0.0,0.0,0.0,0.0,0.0
658,677,-15.828926,35.582626,-0.09149,0.35,0.0,1.3883443376914821,0.0,6.0
659,678,-14.923964,35.450704,-0.54177,0.0,0.0,0.0,0.0,0.0
660,679,-15.307185,35.369328,0.29469,3.6,6.0,3.5721142198983507,0.0,8.0
661,680,-9.767058,33.861498,-0.31053,0.0,0.0,0.0,0.0,0.0
662,681,-13.023036,34.317982,-0.53073,0.0,0.0,0.0,0.0,0.0
663,682,-9.716302,33.869103,0.00135,0.0,0.0,0.0,0.0,0.0
664,683,-13.716791,33.071025,-0.53558,0.0,0.0,0.0,0.0,0.0
665,684,-13.493166,33.926406,0.08744,0.0,0.0,0.0,0.0,0.0
666,685,-13.591869,33.568937,-0.49136,0.28,0.0,1.3717142559585798,0.0,7.0
667,686,-16.91916,35.242726,1.080015,3.43,0.0,4.005633532913364,0.0,12.0
668,687,-15.871718,35.051023,-0.15072,18.57,12.0,15.064033324445349,0.0,54.0
669,688,-14.003666,34.232527,-0.69121,0.0,0.0,0.0,0.0,0.0
670,689,-16.085565,35.406395,-0.527675,0.0,0.0,0.0,0.0,0.0
671,690,-14.440667,35.180593,-0.57619,0.52,0.0,2.09990475974507,0.0,11.0
672,691,-13.48895,33.261896,-0.44686,0.58,0.0,1.9808079159777203,0.0,9.0
673,692,-13.731672,34.407631,-0.51199,1.94,0.0,4.284436952506128,0.0,17.0
674,693,-13.25861,33.969912,-0.5958,0.0,0.0,0.0,0.0,0.0
675,694,-15.234017,34.650638,-0.836935,0.0,0.0,0.0,0.0,0.0
676,695,-14.324892,35.467585,-0.62274,0.84,0.0,2.2922478051031043,0.0,8.0
677,696,-13.889822,33.717127,-0.37937,16.1,9.5,16.43867391245413,0.0,51.0
678,697,-15.807108,35.810953,-0.20052,0.06,0.0,0.5969924622639718,0.0,6.0
679,698,-11.900361,33.596829,1.9716,8.22,7.0,8.946038229294574,0.0,31.0
680,699,-15.88707,35.529168,-0.48909,0.0,0.0,0.0,0.0,0.0
681,700,-15.394815,35.581883,-0.50887,0.0,0.0,0.0,0.0,0.0
682,701,-15.229448,35.358448,1.15839,2.91,0.0,3.5442770772048853,0.0,9.0
683,702,-9.855301,33.834807,-0.24965,0.0,0.0,0.0,0.0,0.0
684,703,-13.359777,34.003304,1.25149,0.0,0.0,0.0,0.0,0.0
685,704,-13.377438,33.343516,-0.36602,0.66,0.0,2.2504221826137427,0.0,9.0
686,705,-13.474853,32.969553,-0.54021,0.0,0.0,0.0,0.0,0.0
687,706,-11.940675,33.323077,-0.49943,0.0,0.0,0.0,0.0,0.0
688,707,-15.385008,35.465824,-0.3945,0.0,0.0,0.0,0.0,0.0
689,708,-13.261211,34.246823,-0.618,0.0,0.0,0.0,0.0,0.0
690,709,-16.283618,35.05298,-0.399215,0.0,0.0,0.0,0.0,0.0
691,710,-15.182326,34.711269,-0.568195,0.0,0.0,0.0,0.0,0.0
692,711,-13.997067,33.77227,1.87628,49.48,55.0,13.946669853409453,11.0,62.0
693,712,-15.826733,35.234437,-0.530055,0.54,0.0,1.976967374541118,0.0,8.0
694,713,-15.833675,35.11368,-0.3301,12.89,7.0,12.626080151812754,0.0,49.0
695,714,-9.505868,33.182102,-0.6219,0.0,0.0,0.0,0.0,0.0
696,715,-11.26026,33.667261,-0.35065,0.06,0.0,0.5969924622639718,0.0,6.0
697,716,-13.700366,34.266836,-0.5261,0.0,0.0,0.0,0.0,0.0
698,717,-14.954231,35.569345,-0.60004,0.0,0.0,0.0,0.0,0.0
699,718,-13.766513,34.490129,1.547665,2.6,0.0,4.810405388322279,0.0,18.0
700,719,-11.651809,34.110933,0.23498,0.0,0.0,0.0,0.0,0.0
701,720,-15.774103,35.715068,2.01846,0.29,0.0,1.2672410978184065,0.0,6.0
702,721,-14.904043,34.953121,-0.50373,0.0,0.0,0.0,0.0,0.0
703,722,-11.854596,33.53633,-0.39162,0.71,0.0,2.964101887587537,0.0,19.0
704,723,-14.707693,34.727207,-0.53899,0.0,0.0,0.0,0.0,0.0
705,724,-11.412295,34.187247,-0.07069,0.0,0.0,0.0,0.0,0.0
706,725,-15.663842,34.515968,-0.44893,0.19,0.0,1.0834666584625479,0.0,7.0
707,726,-10.912241,34.107519,0.34625,0.0,0.0,0.0,0.0,0.0
708,727,-13.98223,33.848025,-0.142755,15.97,10.0,16.717927503132678,0.0,55.0
709,728,-11.01144,33.848208,0.5621,4.67,0.0,5.442526986612009,0.0,16.0
710,729,-16.487874,35.160419,-0.54745,0.0,0.0,0.0,0.0,0.0
711,730,-15.706018,35.138162,-0.59928,3.26,0.0,3.520284079445862,0.0,11.0
712,731,-15.698105,35.46679,-0.24961,0.0,0.0,0.0,0.0,0.0
713,732,-12.904637,34.291107,-0.09463,5.29,0.0,6.804843863014051,0.0,21.0
714,733,-16.253214,34.643722,-0.63128,0.0,0.0,0.0,0.0,0.0
715,734,-15.565743,35.815549,-0.45558,0.0,0.0,0.0,0.0,0.0
716,735,-14.758002,35.341138,-0.477905,0.0,0.0,0.0,0.0,0.0
717,736,-13.712245,32.937852,-0.514395,0.0,0.0,0.0,0.0,0.0
718,737,-14.083402,33.900672,0.78311,2.05,0.0,3.244610916581525,0.0,9.0
719,739,-13.119584,33.925229,-0.678405,0.0,0.0,0.0,0.0,0.0
720,740,-13.78547,33.843289,-0.59196,3.51,0.0,4.986973029804753,0.0,16.0
721,741,-14.671093,35.440274,-0.64565,0.0,0.0,0.0,0.0,0.0
722,742,-13.725536,34.089856,-0.62717,0.0,0.0,0.0,0.0,0.0
723,743,-16.013626,35.305924,-0.15299,4.89,6.0,4.420169680000984,0.0,14.0
724,744,-10.331965,33.573191,-0.29802,0.0,0.0,0.0,0.0,0.0
725,745,-11.595089,34.269314,0.01649,3.47,0.0,4.752799175222954,0.0,14.0
726,746,-14.486737,35.256706,0.46529,10.03,9.0,8.659624703184313,0.0,31.0
727,747,-9.698208,33.274507,-0.30306,3.93,0.0,4.366360040124954,0.0,13.0
728,749,-13.396204,33.868644,-0.494925,0.5,0.0,2.0124611797498106,0.0,11.0
729,750,-11.008322,34.073125,-0.129175,0.0,0.0,0.0,0.0,0.0
730,751,-13.631171,33.198562,-0.51541,0.0,0.0,0.0,0.0,0.0
731,752,-14.85246,35.158063,-0.540975,2.15,0.0,3.2229644738966634,0.0,8.0
732,753,-9.673303,33.535019,-0.37069,0.0,0.0,0.0,0.0,0.0
733,754,-14.336646,33.842724,-0.504525,0.0,0.0,0.0,0.0,0.0
734,755,-15.975115,34.42413,-0.646225,0.0,0.0,0.0,0.0,0.0
735,756,-14.774027,35.589416,-0.42047,0.06,0.0,0.5969924622639718,0.0,6.0
736,757,-16.005972,35.332766,-0.20059,3.69,0.0,4.504875137004354,0.0,14.0
737,758,-9.653255,33.50077,-0.251645,0.0,0.0,0.0,0.0,0.0
738,759,-14.611951,35.478202,-0.64797,0.0,0.0,0.0,0.0,0.0
739,761,-14.31485,35.311464,-0.165505,0.0,0.0,0.0,0.0,0.0
740,762,-15.439924,34.763217,-0.5013,0.0,0.0,0.0,0.0,0.0
741,763,-11.568847,34.183983,0.04705,0.0,0.0,0.0,0.0,0.0
742,764,-10.856169,33.385947,-0.513025,0.0,0.0,0.0,0.0,0.0
743,765,-14.76651,35.616171,-0.52576,0.0,0.0,0.0,0.0,0.0
744,766,-15.326298,34.94744,-0.26253,0.0,0.0,0.0,0.0,0.0
745,767,-13.641961,33.829637,-0.63131,0.0,0.0,0.0,0.0,0.0
746,768,-15.761368,35.071475,1.33576,29.85,31.5,14.992914993422728,7.0,62.0
747,769,-10.274304,33.557759,-0.50044,0.0,0.0,0.0,0.0,0.0
748,770,-15.653211,35.021654,0.196765,9.24,9.0,5.138326575841595,0.0,20.0
749,771,-15.773951,35.054898,1.81882,43.53,42.0,14.50272732971285,15.0,63.0
750,772,-13.984819,33.781501,1.8447,54.8,59.0,8.705170877128145,26.0,62.0
751,773,-9.92371,33.840818,-0.59812,0.86,0.0,2.2406249128312394,0.0,8.0
752,774,-14.235935,35.022932,-0.342665,0.0,0.0,0.0,0.0,0.0
753,775,-16.103904,35.057323,0.015835,0.92,0.0,2.1150886506243656,0.0,6.0
754,776,-16.258169,34.88015,-0.51474,9.68,9.0,5.193996534461686,0.0,21.0
755,777,-15.818702,35.138664,-0.372795,5.83,6.0,4.1256635829888015,0.0,18.0
756,778,-9.837731,33.421068,-0.19741,0.0,0.0,0.0,0.0,0.0
757,779,-13.506322,34.3564,-0.60604,0.0,0.0,0.0,0.0,0.0
758,780,-12.58814,34.155226,-0.51294,0.0,0.0,0.0,0.0,0.0
759,781,-10.166863,33.689773,-0.63652,0.0,0.0,0.0,0.0,0.0
760,782,-17.086795,35.260351,-0.502205,0.0,0.0,0.0,0.0,0.0
761,783,-11.532913,34.018361,0.03726,1.14,0.0,3.4612714426926994,0.0,14.0
762,784,-11.01444,33.861828,1.64982,4.84,0.0,5.425347915111066,0.0,16.0
763,785,-15.794092,35.449997,-0.36889,0.0,0.0,0.0,0.0,0.0
764,787,-13.001218,33.435216,-0.4799,2.77,0.0,5.370018621941641,0.0,25.0
765,788,-15.418799,34.556791,-0.59296,0.0,0.0,0.0,0.0,0.0
766,789,-15.976629,35.174589,-0.39402,0.0,0.0,0.0,0.0,0.0
767,790,-13.214752,34.123924,-0.30496,0.0,0.0,0.0,0.0,0.0
768,791,-15.733266,35.288688,-0.38284,0.0,0.0,0.0,0.0,0.0
769,792,-10.592234,34.164035,-0.07652,0.0,0.0,0.0,0.0,0.0
770,793,-13.174095,33.372175,-0.3895,0.0,0.0,0.0,0.0,0.0
771,794,-14.461103,35.286032,0.99401,5.75,0.0,9.30524045901018,0.0,31.0
772,795,-15.822544,35.20116,-0.48615,1.84,0.0,3.0552250326285293,0.0,8.0
773,796,-14.38429,34.596152,-0.45118,0.0,0.0,0.0,0.0,0.0
774,797,-16.939232,35.251827,-0.40522,3.21,0.0,4.0355792644922746,0.0,12.0
775,798,-13.983957,33.781943,2.102135,54.8,59.0,8.705170877128145,26.0,62.0
776,799,-13.443875,33.741623,-0.4647,0.0,0.0,0.0,0.0,0.0
777,800,-15.772046,34.98041,2.05266,44.48,53.0,18.554503496456057,9.0,63.0
778,801,-15.614759,35.642432,-0.38444,0.0,0.0,0.0,0.0,0.0
779,802,-14.951148,34.95856,0.5055,4.78,0.0,7.604709067413426,0.0,28.0
780,803,-15.832036,34.980566,1.1861,30.67,22.5,20.390220695225445,7.0,63.0
781,804,-13.9859,33.766609,1.54892,53.48,59.0,10.684081617060027,24.0,62.0
782,805,-14.129968,34.240447,-0.464105,0.0,0.0,0.0,0.0,0.0
783,806,-13.679584,33.506425,-0.52869,1.1,0.0,2.744084546802449,0.0,9.0
784,807,-13.932722,34.490645,-0.53094,0.0,0.0,0.0,0.0,0.0
785,808,-15.914497,35.18162,-0.34206,0.0,0.0,0.0,0.0,0.0
786,809,-15.082348,35.115288,-0.37799,0.07,0.0,0.6964912059746339,0.0,7.0
787,810,-14.800098,35.398788,-0.60165,0.0,0.0,0.0,0.0,0.0
788,811,-15.574107,34.512923,2.45973,5.05,0.0,5.521548695791789,0.0,15.0
789,812,-16.431241,35.138212,-0.62114,0.42,0.0,1.530882098660769,0.0,6.0
790,813,-13.446151,34.004705,-0.57657,0.0,0.0,0.0,0.0,0.0
791,814,-15.931439,35.164209,-0.32796,0.0,0.0,0.0,0.0,0.0
792,815,-13.776581,34.443639,3.206955,6.43,7.0,6.010415958983205,0.0,19.0
793,816,-14.041358,33.692354,4.06543,10.95,9.0,9.80140296080107,0.0,33.0
794,817,-16.929712,35.223278,-0.494965,3.04,0.0,3.997299088134387,0.0,12.0
795,818,-16.005843,35.502827,1.82845,6.03,7.0,4.908064791748373,0.0,14.0
796,819,-14.210593,34.168136,-0.45304,0.0,0.0,0.0,0.0,0.0
797,820,-10.862129,34.015859,0.048485,0.0,0.0,0.0,0.0,0.0
798,821,-11.433527,33.732414,-0.39834,0.0,0.0,0.0,0.0,0.0
799,822,-16.48649,35.190727,-0.5862,0.0,0.0,0.0,0.0,0.0
800,823,-10.14083,33.993201,-0.483355,0.0,0.0,0.0,0.0,0.0
801,824,-14.97565,34.971036,2.30912,7.05,0.0,8.727399383550635,0.0,28.0
802,825,-15.720742,35.522133,-0.495055,0.0,0.0,0.0,0.0,0.0
803,826,-16.823502,35.191417,-0.79622,0.0,0.0,0.0,0.0,0.0
804,827,-14.156013,34.844005,-0.48311,0.0,0.0,0.0,0.0,0.0
805,828,-13.36547,33.56652,-0.410745,0.89,0.0,3.03609947136124,0.0,13.0
806,829,-15.485628,34.442615,-0.60627,0.0,0.0,0.0,0.0,0.0
807,830,-15.639355,34.465627,-0.72583,1.36,0.0,3.31215941645326,0.0,15.0
808,831,-10.295416,34.123649,-0.41922,0.0,0.0,0.0,0.0,0.0
809,832,-14.967918,34.988636,-0.496195,4.02,0.0,7.319808740670755,0.0,28.0
810,833,-15.807951,35.093404,0.85703,28.91,27.0,19.350501285496456,0.0,61.0
811,834,-16.072713,35.737892,0.28488,6.13,7.0,4.6683080446774285,0.0,14.0
812,835,-15.013241,35.007723,-0.52926,1.71,0.0,4.0032361908835705,0.0,19.0
813,836,-13.818694,33.013576,-0.538725,1.55,0.0,3.144439536706025,0.0,10.0
814,837,-16.015506,35.30742,0.54016,4.89,6.0,4.420169680000984,0.0,14.0
815,838,-16.657373,34.862647,-0.70194,0.0,0.0,0.0,0.0,0.0
816,839,-14.977421,35.504187,-0.5171,1.45,0.0,2.7399817517640517,0.0,7.0
817,840,-14.239135,33.727185,-0.57162,0.57,0.0,1.9455333458977258,0.0,8.0
818,841,-15.634008,35.617573,-0.51716,0.0,0.0,0.0,0.0,0.0
819,842,-14.755326,34.893754,-0.43071,0.0,0.0,0.0,0.0,0.0
820,843,-13.181027,34.251711,-0.543345,0.0,0.0,0.0,0.0,0.0
821,844,-16.534188,34.996389,-0.71335,0.0,0.0,0.0,0.0,0.0
822,845,-12.703222,34.171467,-0.061,0.0,0.0,0.0,0.0,0.0
823,846,-10.135672,33.585831,-0.619125,0.0,0.0,0.0,0.0,0.0
824,847,-15.592975,35.513953,-0.60532,0.0,0.0,0.0,0.0,0.0
825,848,-15.589046,35.12064,-0.42396,0.32,0.0,1.3991425945914162,0.0,7.0
826,849,-12.425113,33.832464,-0.27137,0.0,0.0,0.0,0.0,0.0
