,cluster,latitude,longitude,wealth_index,mean_light,median_light,std_light,min_light,max_light
0,1,6.90227,8.097115,-0.93782,0.0,0.0,0.0,0.0,0.0
1,2,7.854454,7.876807,-0.51549,0.0,0.0,0.0,0.0,0.0
2,3,7.781454,7.940457,-0.62769,0.0,0.0,0.0,0.0,0.0
3,4,7.176902,9.197081,-0.263525,0.75,0.0,2.137171027316251,0.0,7.0
4,5,7.148612,9.16421,-0.813835,0.0,0.0,0.0,0.0,0.0
5,6,7.49703,8.82081,-0.92152,0.66,0.0,2.4257782256422367,0.0,11.0
6,7,7.445235,9.004712,-0.850865,3.96,0.0,6.1121518305748905,0.0,18.0
7,8,7.245967,8.672722,-1.032275,0.0,0.0,0.0,0.0,0.0
8,9,7.33442,8.976706,0.6171,16.43,15.0,10.857490501953016,0.0,40.0
9,10,7.296585,8.20877,-0.82877,0.0,0.0,0.0,0.0,0.0
10,11,7.187582,9.677511,-0.821105,0.1,0.0,0.9949874371066204,0.0,10.0
11,12,7.293197,9.682045,-0.947115,0.0,0.0,0.0,0.0,0.0
12,13,7.72715,8.55256,1.0445,28.0,26.0,12.90348790056394,8.0,55.0
13,14,6.955776,8.307408,-0.636715,0.0,0.0,0.0,0.0,0.0
14,15,7.119258,7.626355,-0.22514,1.41,0.0,2.742608247635816,0.0,7.0
15,16,6.84829,8.434496,0.48485,2.57,0.0,3.8710592865519375,0.0,10.0
16,17,7.178323,7.813354,-0.312455,1.09,0.0,2.6080452450063056,0.0,8.0
17,18,7.122212,7.79639,0.317545,1.16,0.0,2.671029763967448,0.0,8.0
18,19,7.10258,8.099183,0.37464,0.67,0.0,2.1356731959735784,0.0,8.0
19,20,7.481109,7.98704,-0.32904,0.0,0.0,0.0,0.0,0.0
20,21,7.191263,8.146332,1.14968,10.34,9.0,9.078788465428634,0.0,32.0
21,22,7.782101,9.538207,-0.496535,0.0,0.0,0.0,0.0,0.0
22,23,7.731045,9.621146,-0.83619,0.0,0.0,0.0,0.0,0.0
23,24,6.714298,9.075205,-0.76277,0.65,0.0,2.389037463080058,0.0,11.0
24,25,8.632711,6.802451,0.213485,0.0,0.0,0.0,0.0,0.0
25,26,8.482544,6.946514,1.45366,3.47,0.0,4.260176052700169,0.0,11.0
26,27,9.05551,7.378751,0.88389,45.46,50.0,16.541716960460906,16.0,63.0
27,28,9.024736,7.422396,1.059095,58.88,61.0,5.83143207111255,41.0,63.0
28,29,9.07485,7.394607,2.06642,53.83,61.0,11.858376786052972,25.0,63.0
29,30,9.096179,7.414277,2.2314,54.18,59.5,11.345818613039786,23.0,63.0
30,31,9.082032,7.418711,2.42513,59.08,61.5,5.981103577100132,35.0,63.0
31,32,9.060277,7.399262,0.957805,56.94,61.0,8.600953435520971,30.0,63.0
32,33,9.061271,7.443314,2.58469,62.18,63.0,1.499199786552813,55.0,63.0
33,34,9.071747,7.47703,2.40971,60.56,63.0,4.81522585140095,38.0,63.0
34,35,9.082368,7.501654,1.791035,53.8,61.0,14.087583185202492,13.0,63.0
35,36,9.098192,7.527573,1.72142,35.89,32.0,21.033732431501548,8.0,63.0
36,37,9.044939,7.494066,2.47985,60.05,63.0,6.168265558485627,33.0,63.0
37,38,9.075202,7.327502,0.98953,21.23,20.0,7.48846446209101,9.0,42.0
38,39,8.974457,7.374716,1.21758,33.88,34.0,14.25642311381084,11.0,59.0
39,40,9.159592,7.348256,2.17524,36.97,38.0,16.40515467772249,12.0,61.0
40,41,9.162514,6.995731,-0.4386,0.0,0.0,0.0,0.0,0.0
41,42,9.067543,7.154071,-0.29627,4.9,6.5,5.237365750069399,0.0,21.0
42,43,8.946452,7.064911,0.826145,18.39,15.5,11.029864006414586,6.0,47.0
43,44,8.933239,7.091917,0.90442,18.38,14.0,11.084024539850136,0.0,47.0
44,45,8.959734,7.077051,1.779115,17.98,14.0,11.242757668828409,0.0,47.0
45,46,8.607537,7.178458,-0.3518,0.0,0.0,0.0,0.0,0.0
46,47,8.599753,6.847795,-0.317725,0.0,0.0,0.0,0.0,0.0
47,48,7.581107,6.188577,0.41948,19.02,16.0,9.081828009822692,7.0,45.0
48,49,7.514677,6.484442,0.41303,1.76,0.0,2.9870386673091467,0.0,8.0
49,50,7.479214,7.602561,-0.09841,0.0,0.0,0.0,0.0,0.0
50,51,7.412503,7.7566,0.028115,0.0,0.0,0.0,0.0,0.0
51,52,7.565668,7.62176,-0.256615,0.0,0.0,0.0,0.0,0.0
52,53,7.909535,7.070504,-0.131975,0.72,0.0,2.054653255418052,0.0,7.0
53,54,7.814521,7.020374,-0.37086,0.0,0.0,0.0,0.0,0.0
54,55,7.813341,6.982528,-0.138,0.0,0.0,0.0,0.0,0.0
55,56,7.524204,7.160336,0.86853,6.09,0.0,7.128948028987167,0.0,23.0
56,57,6.809701,6.68264,-0.76186,0.0,0.0,0.0,0.0,0.0
57,58,7.189299,6.797413,-0.590945,0.88,0.0,2.1876014262200507,0.0,7.0
58,59,7.685192,5.988825,0.21278,0.0,0.0,0.0,0.0,0.0
59,60,7.846395,5.991781,0.967515,0.42,0.0,1.5308820986607692,0.0,6.0
60,61,7.821073,6.099531,1.01152,6.54,6.0,7.108333137944507,0.0,25.0
61,62,8.117333,6.854475,-0.23086,0.0,0.0,0.0,0.0,0.0
62,63,7.911439,6.753847,-0.00741,0.85,0.0,2.57050578680539,0.0,10.0
63,64,7.809938,6.748363,0.59763,18.96,16.5,14.690078284338718,0.0,51.0
64,65,7.64691,6.344131,0.14591,3.49,0.0,4.041027097162305,0.0,11.0
65,66,7.56379,6.169152,0.45104,11.8,13.0,5.941380311005179,0.0,24.0
66,67,7.568769,6.173435,0.44362,14.18,14.0,6.856208864963204,0.0,33.0
67,68,7.550173,6.24953,0.86059,17.95,16.0,12.688873078410074,0.0,45.0
68,69,7.278214,7.736047,-0.72385,0.0,0.0,0.0,0.0,0.0
69,70,7.213366,7.624369,-0.27006,0.0,0.0,0.0,0.0,0.0
70,71,7.913647,7.505779,-0.31604,0.0,0.0,0.0,0.0,0.0
71,72,8.313542,4.38855,0.13855,1.37,0.0,2.5948217665188493,0.0,7.0
72,73,8.297746,4.526147,0.38278,0.0,0.0,0.0,0.0,0.0
73,74,9.767329,3.378472,-0.251505,0.0,0.0,0.0,0.0,0.0
74,75,9.215433,3.203993,-0.15713,0.0,0.0,0.0,0.0,0.0
75,76,8.972641,5.200414,-0.1124,0.07,0.0,0.6964912059746339,0.0,7.0
76,77,9.069555,4.950153,0.876625,2.5,0.0,3.4655446902326914,0.0,9.0
77,78,8.828906,4.993176,0.67146,2.24,0.0,3.5556152772762113,0.0,10.0
78,79,8.398243,4.623362,0.68008,7.91,6.0,7.605386249231527,0.0,28.0
79,80,8.835276,4.844875,-0.06396,0.0,0.0,0.0,0.0,0.0
80,81,8.323687,5.242049,0.27794,0.0,0.0,0.0,0.0,0.0
81,82,8.52518,4.546441,1.05828,25.71,19.0,17.786677598697292,6.0,60.0
82,83,8.505205,4.544727,0.76279,34.53,32.5,18.73843910255067,7.0,62.0
83,84,8.500912,4.602338,1.74597,28.89,23.0,18.393420019126406,6.0,62.0
84,85,8.474936,4.561175,1.10171,45.37,48.0,11.771707607649791,22.0,62.0
85,86,8.509775,4.530087,0.558295,32.87,31.0,18.245358313828753,7.0,62.0
86,87,8.473993,4.539439,0.715725,44.47,46.5,11.767289407505878,22.0,62.0
87,88,8.494575,4.521048,0.83094,37.59,40.5,15.39876293732714,12.0,62.0
88,89,8.16242,5.14145,-0.04257,2.98,0.0,4.707398432255337,0.0,19.0
89,90,8.745118,4.464231,0.10031,0.0,0.0,0.0,0.0,0.0
90,91,9.116502,4.814712,0.39544,8.55,8.0,5.694514904713131,0.0,21.0
91,92,8.154345,4.719409,0.52496,13.67,12.0,8.182976231176527,0.0,33.0
92,93,8.086075,4.705347,0.49513,5.29,6.0,4.354985648656033,0.0,17.0
93,94,8.699826,5.895578,-0.32872,0.0,0.0,0.0,0.0,0.0
94,95,8.964446,8.472936,-0.30117,0.0,0.0,0.0,0.0,0.0
95,96,9.143764,8.381281,-0.488345,0.0,0.0,0.0,0.0,0.0
96,97,8.908278,8.378301,1.56352,7.08,8.0,6.70325294166944,0.0,21.0
97,98,8.394625,8.356697,0.3163,2.64,0.0,4.100048780197621,0.0,12.0
98,99,9.276733,7.951489,-0.398155,0.0,0.0,0.0,0.0,0.0
99,100,9.313766,7.745062,-0.40337,0.0,0.0,0.0,0.0,0.0
100,101,8.876495,7.695011,0.394595,3.97,0.0,4.5176431908684425,0.0,12.0
101,102,8.854504,7.882599,0.959395,10.99,10.0,8.507050017485497,0.0,31.0
102,103,8.750151,8.090164,-0.50107,0.0,0.0,0.0,0.0,0.0
103,104,8.596511,8.925096,-0.766435,0.0,0.0,0.0,0.0,0.0
104,105,8.479997,8.620825,-0.34937,0.42,0.0,1.668412419037931,0.0,8.0
105,106,8.804697,8.752105,-0.62667,0.0,0.0,0.0,0.0,0.0
106,107,8.546015,8.451322,-0.26993,0.82,0.0,2.732690981432039,0.0,14.0
107,108,8.524722,8.514258,1.41689,15.99,13.0,9.665914338540354,0.0,39.0
108,109,8.103565,7.670108,-0.40232,0.0,0.0,0.0,0.0,0.0
109,110,8.195676,7.746035,-0.45116,0.0,0.0,0.0,0.0,0.0
110,111,7.987791,7.848827,-0.227075,0.0,0.0,0.0,0.0,0.0
111,112,8.52978,7.788128,-0.444665,0.0,0.0,0.0,0.0,0.0
112,113,8.770745,8.625758,-0.504635,0.0,0.0,0.0,0.0,0.0
113,115,8.717259,8.531831,0.78618,0.0,0.0,0.0,0.0,0.0
114,116,8.348507,8.833737,-0.00208,0.0,0.0,0.0,0.0,0.0
115,117,8.946828,8.710266,-0.47907,0.0,0.0,0.0,0.0,0.0
116,118,9.181494,6.376671,-0.47676,0.0,0.0,0.0,0.0,0.0
117,119,8.633371,6.416811,0.00746,2.04,0.0,3.399764697740124,0.0,9.0
118,120,9.023282,6.316563,0.20942,12.52,9.0,11.131468905764413,0.0,39.0
119,121,9.097077,6.022804,0.47524,0.0,0.0,0.0,0.0,0.0
120,122,10.349935,3.737298,-1.47768,0.0,0.0,0.0,0.0,0.0
121,123,10.82236,3.937307,-1.51177,5.67,6.0,6.703812348209039,0.0,36.0
122,124,9.695056,6.475028,0.49199,26.33,20.0,17.747706894131422,6.0,61.0
123,125,9.578402,6.569628,1.07617,3.27,0.0,5.5042801527538545,0.0,25.0
124,126,9.119642,5.945372,-0.03569,0.48,0.0,1.6277591959500641,0.0,6.0
125,127,9.142659,5.889798,0.01506,0.23,0.0,1.310381623802776,0.0,8.0
126,128,9.37879,6.995329,-0.517075,0.0,0.0,0.0,0.0,0.0
127,129,9.369888,6.38832,-0.47342,0.0,0.0,0.0,0.0,0.0
128,130,10.551203,5.451174,-0.59997,0.0,0.0,0.0,0.0,0.0
129,131,10.55603,5.59688,-0.8327,12.7,11.0,10.054352291420866,0.0,35.0
130,132,10.41254,5.455511,1.34978,0.0,0.0,0.0,0.0,0.0
131,133,9.243076,5.734276,0.05058,1.68,0.0,3.6218227455246894,0.0,11.0
132,134,10.07875,6.015912,-0.95381,0.05,0.0,0.4974937185533102,0.0,5.0
133,135,8.77173,5.797715,-0.277575,0.0,0.0,0.0,0.0,0.0
134,136,9.608769,7.300629,-0.404965,0.0,0.0,0.0,0.0,0.0
135,137,10.959827,5.190469,-1.19462,0.0,0.0,0.0,0.0,0.0
136,138,10.092704,6.554116,-1.337485,25.37,23.0,9.97863217079375,9.0,48.0
137,139,9.18261,7.190781,1.84853,6.17,7.0,2.494213302827166,0.0,10.0
138,140,9.248913,7.277954,-0.05141,1.41,0.0,2.749890906927037,0.0,8.0
139,141,9.744344,6.06576,0.29242,0.0,0.0,0.0,0.0,0.0
140,142,9.636519,9.087539,-0.608895,1.7,0.0,4.087786687193939,0.0,13.0
141,143,9.813438,8.706256,0.06888,3.84,0.0,4.509368026675134,0.0,12.0
142,144,10.032155,9.112013,-0.280165,22.05,15.5,18.210093355059985,0.0,58.0
143,145,9.93553,8.914128,1.07487,31.35,30.0,17.414577227139336,0.0,58.0
144,146,9.923324,8.847693,1.31135,23.62,18.0,18.23446187854196,0.0,58.0
145,147,9.923981,8.917847,1.361485,37.57,42.0,14.976151040905005,9.0,58.0
146,148,9.896175,8.890274,1.23706,5.78,7.0,5.393662948312584,0.0,16.0
147,149,9.711026,8.844146,0.37691,3.29,0.0,4.526135216716354,0.0,13.0
148,150,9.480116,9.157585,0.32682,0.0,0.0,0.0,0.0,0.0
149,151,9.421263,9.804832,-1.12299,0.0,0.0,0.0,0.0,0.0
150,152,9.528891,10.366498,-1.05966,0.0,0.0,0.0,0.0,0.0
151,153,8.651693,9.768994,-0.87668,0.64,0.0,2.179541236132044,0.0,9.0
152,154,9.130044,9.840172,-0.98329,0.0,0.0,0.0,0.0,0.0
153,155,8.988763,9.861915,-0.144665,0.0,0.0,0.0,0.0,0.0
154,156,9.186171,9.704893,-0.85806,0.0,0.0,0.0,0.0,0.0
155,157,9.389979,9.200819,-0.65627,0.0,0.0,0.0,0.0,0.0
156,158,9.34251,9.205836,-0.093105,1.38,0.0,3.1742085627759247,0.0,10.0
157,159,9.362292,9.424356,-0.64916,0.0,0.0,0.0,0.0,0.0
158,160,9.191591,9.678142,-1.11401,0.44,0.0,1.9252012881774208,0.0,10.0
159,161,9.644287,8.60373,-0.946405,3.19,0.0,4.330577328717268,0.0,12.0
160,162,9.14353,9.802323,0.62098,0.0,0.0,0.0,0.0,0.0
161,163,8.977145,9.781248,-1.08474,0.0,0.0,0.0,0.0,0.0
162,164,8.862011,9.635557,-0.90391,0.0,0.0,0.0,0.0,0.0
163,166,9.245381,11.863476,-1.0012,0.0,0.0,0.0,0.0,0.0
164,167,9.283893,12.812037,-0.99985,2.14,0.0,3.3705192478311106,0.0,9.0
165,168,9.389275,12.832313,-0.26887,1.15,0.0,2.5627134057478997,0.0,8.0
166,169,9.366998,12.551611,0.51739,0.0,0.0,0.0,0.0,0.0
167,170,10.377382,12.565215,-0.73407,3.43,0.0,4.2690865533507285,0.0,12.0
168,171,10.287712,12.753104,-0.59357,0.0,0.0,0.0,0.0,0.0
169,172,10.162288,12.742196,0.22407,1.84,0.0,3.1264036847470607,0.0,8.0
170,173,9.691542,11.943757,-1.11652,0.0,0.0,0.0,0.0,0.0
171,174,9.65012,11.805992,-0.81221,0.4,0.0,1.4628738838327788,0.0,6.0
172,175,9.799688,11.92572,-0.948115,0.34,0.0,1.4847221962373973,0.0,7.0
173,176,9.902968,11.947606,-0.00099,0.0,0.0,0.0,0.0,0.0
174,177,10.183341,12.791833,-0.667165,0.0,0.0,0.0,0.0,0.0
175,178,8.765318,12.082464,-1.085045,0.0,0.0,0.0,0.0,0.0
176,179,8.531828,12.374966,-0.43446,0.24,0.0,1.1757550765359257,0.0,6.0
177,180,10.018109,13.125219,-0.82032,0.0,0.0,0.0,0.0,0.0
178,181,10.182173,13.230579,-0.4882,10.17,9.5,8.457014839764678,0.0,27.0
179,182,10.108319,13.307371,-0.48238,0.0,0.0,0.0,0.0,0.0
180,183,10.253876,13.270651,0.48382,0.0,0.0,0.0,0.0,0.0
181,184,10.060323,12.773261,-1.14981,13.02,12.0,10.594319232494364,0.0,35.0
182,185,9.710026,12.272056,-0.89585,13.75,12.0,9.660615922393355,0.0,35.0
183,186,9.2158,12.498294,0.44307,12.83,10.5,10.120331022254161,0.0,35.0
184,187,9.197908,12.488787,1.45146,0.0,0.0,0.0,0.0,0.0
185,188,9.209026,12.501689,1.014935,30.75,29.5,15.10057945908037,0.0,59.0
186,189,10.290102,10.182841,-1.289255,0.05,0.0,0.49749371855331,0.0,5.0
187,190,10.309479,9.841554,0.582645,1.53,0.0,2.601749411453763,0.0,7.0
188,191,11.751562,10.804911,-1.432835,0.0,0.0,0.0,0.0,0.0
189,192,11.678343,10.703977,-0.51933,0.0,0.0,0.0,0.0,0.0
190,193,12.059581,10.569342,-1.583925,0.0,0.0,0.0,0.0,0.0
191,194,11.763473,10.477321,-1.48561,0.0,0.0,0.0,0.0,0.0
192,195,11.983541,10.407938,-0.98378,0.0,0.0,0.0,0.0,0.0
193,196,11.956674,10.604022,-0.57846,0.12,0.0,0.8399999999999999,0.0,6.0
194,197,10.968064,9.636477,-1.1186,2.18,0.0,3.7131657652197543,0.0,11.0
195,198,11.832362,9.91577,-0.7449,0.0,0.0,0.0,0.0,0.0
196,199,11.699141,9.917582,-1.37096,0.0,0.0,0.0,0.0,0.0
197,200,11.581208,10.479093,-1.243735,0.64,0.0,1.7408044117591157,0.0,6.0
198,201,11.757711,10.138579,-0.99483,2.33,0.0,3.549802811424883,0.0,10.0
199,202,11.548358,10.416481,-1.49002,0.0,0.0,0.0,0.0,0.0
200,203,11.30205,10.485236,0.81542,0.0,0.0,0.0,0.0,0.0
201,204,11.197857,9.437789,-1.50285,0.0,0.0,0.0,0.0,0.0
202,205,10.961217,9.556173,-0.88468,0.0,0.0,0.0,0.0,0.0
203,206,11.506738,9.980843,-1.36091,0.0,0.0,0.0,0.0,0.0
204,207,9.760583,9.748821,-1.20959,0.0,0.0,0.0,0.0,0.0
205,208,9.789782,9.88201,-0.44593,0.0,0.0,0.0,0.0,0.0
206,209,10.366122,8.995874,-1.0627,0.0,0.0,0.0,0.0,0.0
207,210,10.222214,9.404448,-0.39924,0.45,0.0,1.4309088021254184,0.0,5.0
208,211,11.241135,9.656046,-0.83465,0.0,0.0,0.0,0.0,0.0
209,212,12.398033,10.604755,-1.415775,2.0,0.0,3.0298514815086235,0.0,8.0
210,215,11.224195,13.093622,-1.07467,0.0,0.0,0.0,0.0,0.0
211,216,11.070602,13.702637,0.15544,3.52,5.0,3.6289943510565017,0.0,11.0
212,217,11.739757,13.932452,-1.037245,32.22,33.0,18.155208619016197,6.0,62.0
213,218,12.020549,13.922665,-0.94137,26.62,26.0,14.204773845436613,5.0,56.0
214,219,10.993712,13.36339,-0.63584,17.76,10.0,17.687351412803444,0.0,61.0
215,220,13.686235,13.340167,-0.77476,23.45,22.0,14.964207296078198,0.0,56.0
216,221,11.868676,13.128481,0.885505,19.65,18.0,13.338946735031218,0.0,49.0
217,222,11.836515,13.093503,1.13333,0.0,0.0,0.0,0.0,0.0
218,223,11.799833,13.201102,1.935285,0.0,0.0,0.0,0.0,0.0
219,224,11.814736,13.088704,0.13447,0.84,0.0,2.096282423720621,0.0,7.0
220,225,11.815325,13.08667,0.626465,1.65,0.0,2.916761903207047,0.0,9.0
221,226,11.620111,13.476149,-0.86633,0.0,0.0,0.0,0.0,0.0
222,228,13.248662,13.595897,-1.33194,0.0,0.0,0.0,0.0,0.0
223,229,12.893545,13.544444,-0.33932,0.0,0.0,0.0,0.0,0.0
224,230,12.671908,13.641359,-0.37138,0.0,0.0,0.0,0.0,0.0
225,231,12.013625,12.521109,-1.26318,0.0,0.0,0.0,0.0,0.0
226,232,13.061237,12.835665,-1.43278,0.6,0.0,1.8000000000000003,0.0,6.0
227,233,12.591034,13.681498,-1.261065,0.0,0.0,0.0,0.0,0.0
228,235,12.340613,13.051287,-1.55589,17.7,11.0,15.95838337677097,0.0,59.0
229,236,10.288468,11.966789,-1.067105,24.12,17.5,19.50245112799927,0.0,61.0
230,237,10.175021,11.195507,-1.03472,0.0,0.0,0.0,0.0,0.0
231,238,9.981602,11.48633,-1.19275,0.0,0.0,0.0,0.0,0.0
232,239,9.983329,10.932461,-0.65987,0.0,0.0,0.0,0.0,0.0
233,240,10.253741,11.181175,0.1089,0.48,0.0,1.7634057956125695,0.0,8.0
234,241,10.269099,11.205159,-0.00733,2.18,0.0,3.296604313532335,0.0,9.0
235,242,10.319448,11.178826,0.59089,0.0,0.0,0.0,0.0,0.0
236,243,9.854514,11.681513,-0.937955,0.0,0.0,0.0,0.0,0.0
237,244,9.611484,11.431804,-0.918105,0.0,0.0,0.0,0.0,0.0
238,245,9.730782,11.704651,-0.720265,2.1,0.0,5.2697248505021586,0.0,28.0
239,246,9.843371,11.176967,-0.23239,0.47,0.0,1.596590116466966,0.0,6.0
240,247,9.87285,11.230351,-0.055185,0.0,0.0,0.0,0.0,0.0
241,248,10.985413,10.86431,-1.33247,0.0,0.0,0.0,0.0,0.0
242,249,10.967246,10.909505,-1.355995,0.93,0.0,2.065211853539486,0.0,6.0
243,250,11.00044,11.381061,-1.27127,0.0,0.0,0.0,0.0,0.0
244,251,10.886514,11.515195,-0.90581,0.0,0.0,0.0,0.0,0.0
245,252,10.366173,11.27973,-0.94989,0.12,0.0,0.8400000000000001,0.0,6.0
246,253,10.454373,11.064833,-0.91552,0.0,0.0,0.0,0.0,0.0
247,254,11.083918,11.15569,-1.25788,0.0,0.0,0.0,0.0,0.0
248,255,11.093939,11.348004,-0.32602,0.0,0.0,0.0,0.0,0.0
249,256,9.55851,11.103898,-1.127935,0.0,0.0,0.0,0.0,0.0
250,257,9.658315,11.012426,-1.04594,0.0,0.0,0.0,0.0,0.0
251,258,10.276727,11.336544,-0.71899,0.14,0.0,0.98,0.0,7.0
252,259,10.323127,11.358394,-0.10714,2.91,0.0,4.340725745771092,0.0,12.0
253,260,8.794115,11.413155,-1.142355,0.0,0.0,0.0,0.0,0.0
254,261,8.434089,11.03312,-0.86089,18.43,14.5,13.044734569932805,0.0,46.0
255,262,7.945567,10.657741,-0.70468,0.0,0.0,0.0,0.0,0.0
256,263,7.986488,10.993955,-0.65104,0.0,0.0,0.0,0.0,0.0
257,264,7.761047,9.989088,-0.93463,0.0,0.0,0.0,0.0,0.0
258,265,8.638174,10.784069,-0.45553,0.0,0.0,0.0,0.0,0.0
259,266,8.315398,9.686685,-0.6646,0.0,0.0,0.0,0.0,0.0
260,267,8.921687,11.329061,0.48584,0.0,0.0,0.0,0.0,0.0
261,268,9.544495,10.915399,-1.05196,7.24,0.0,8.249993939391713,0.0,19.0
262,269,9.345818,11.004246,-1.00778,0.0,0.0,0.0,0.0,0.0
263,270,9.552619,11.22221,-1.09744,6.7,0.0,7.1714712576988,0.0,19.0
264,271,8.843252,10.805917,-1.18274,0.0,0.0,0.0,0.0,0.0
265,272,9.141315,11.62035,-1.14154,4.19,0.0,5.302254237586123,0.0,13.0
266,273,6.861601,11.538456,-0.58816,0.81,0.0,2.4359597697827446,0.0,9.0
267,274,6.660882,11.28604,-0.90118,0.0,0.0,0.0,0.0,0.0
268,275,6.81347,11.054064,-0.64629,0.0,0.0,0.0,0.0,0.0
269,276,6.71679,11.256647,-0.13082,0.0,0.0,0.0,0.0,0.0
270,277,6.931538,9.83443,-0.69274,0.0,0.0,0.0,0.0,0.0
271,278,7.273802,9.99631,1.35835,0.0,0.0,0.0,0.0,0.0
272,279,8.098074,10.063674,-0.23956,5.51,5.0,5.913535321615996,0.0,19.0
273,280,8.713817,11.628378,-1.15573,0.51,0.0,1.6278513445643623,0.0,6.0
274,281,9.044897,11.565836,-0.272165,0.0,0.0,0.0,0.0,0.0
275,282,8.966162,11.813599,-1.1365,0.0,0.0,0.0,0.0,0.0
276,283,12.372258,11.041292,-0.2179,0.0,0.0,0.0,0.0,0.0
277,284,12.97417,11.407463,-1.39308,2.19,0.0,3.2914890247424498,0.0,10.0
278,285,12.8937,11.037993,-0.46526,0.0,0.0,0.0,0.0,0.0
279,286,11.252385,11.258013,-1.24902,2.38,0.0,3.339999999999999,0.0,10.0
280,287,11.939913,11.309748,-1.75604,0.0,0.0,0.0,0.0,0.0
281,288,11.618485,11.71827,-1.023095,0.0,0.0,0.0,0.0,0.0
282,289,11.674963,11.783269,-1.23673,0.0,0.0,0.0,0.0,0.0
283,290,11.253473,12.000851,1.00949,0.0,0.0,0.0,0.0,0.0
284,293,11.296802,12.085253,-1.17198,5.45,6.0,4.804945369096301,0.0,16.0
285,294,11.281639,12.001289,-0.697695,0.0,0.0,0.0,0.0,0.0
286,295,10.63407,11.523789,-1.44838,0.0,0.0,0.0,0.0,0.0
287,296,12.576797,10.736177,-1.07008,0.26,0.0,1.136837719289785,0.0,6.0
288,297,12.305159,11.027579,-1.75159,5.79,6.0,4.574483577410679,0.0,16.0
289,298,12.915838,10.533975,-1.03184,6.81,5.0,9.202928881611548,0.0,41.0
290,299,12.896711,10.878495,-1.14591,0.26,0.0,1.1368377192897847,0.0,6.0
291,300,12.852533,10.29929,-1.132005,0.51,0.0,1.6278513445643623,0.0,6.0
292,301,12.882061,10.450164,-0.03984,23.18,19.5,15.140924674536887,6.0,56.0
293,302,0.0,0.0,-1.59331,0.0,0.0,0.0,0.0,0.0
294,303,13.131656,10.499435,-1.19225,0.0,0.0,0.0,0.0,0.0
295,304,13.018633,11.13245,-1.18937,0.0,0.0,0.0,0.0,0.0
296,305,12.865944,10.440329,0.503705,0.0,0.0,0.0,0.0,0.0
297,306,12.40765,10.022382,-0.93722,0.41,0.0,1.497297565616134,0.0,6.0
298,307,12.437299,8.840592,-1.40255,0.0,0.0,0.0,0.0,0.0
299,308,11.821891,9.194912,-1.13714,0.36,0.0,1.4249210504445502,0.0,6.0
300,309,11.716197,9.349688,-0.41529,0.36,0.0,1.4249210504445506,0.0,6.0
301,310,12.451743,9.410819,-1.26614,0.0,0.0,0.0,0.0,0.0
302,311,11.229242,10.010556,-1.35066,0.0,0.0,0.0,0.0,0.0
303,312,11.285948,9.745697,-1.09078,0.05,0.0,0.49749371855331004,0.0,5.0
304,313,11.188404,9.910356,-0.77873,0.0,0.0,0.0,0.0,0.0
305,314,11.273161,9.881827,-0.7645,0.0,0.0,0.0,0.0,0.0
306,315,11.996166,9.606444,-1.361685,0.0,0.0,0.0,0.0,0.0
307,316,12.132437,9.510924,-1.16285,0.0,0.0,0.0,0.0,0.0
308,317,12.154372,9.53779,-0.83853,1.92,0.0,3.5232939133714067,0.0,11.0
309,318,12.047519,10.115631,-1.46894,3.37,0.0,3.9614517540921788,0.0,11.0
310,319,12.381583,9.68919,-1.117055,0.0,0.0,0.0,0.0,0.0
311,320,12.435943,9.691287,-0.98304,0.0,0.0,0.0,0.0,0.0
312,321,12.703233,9.462572,-1.22712,0.18,0.0,1.0235233265539194,0.0,6.0
313,322,12.650522,9.673162,-1.225,0.0,0.0,0.0,0.0,0.0
314,323,12.275602,9.563036,-1.034065,22.98,19.5,13.784759700480818,6.0,54.0
315,324,12.289479,9.124988,-0.91636,38.53,38.0,16.028384198040676,10.0,63.0
316,325,12.129783,9.193145,-1.08796,29.17,25.0,18.01058300000308,7.0,61.0
317,326,12.151769,9.162168,0.247765,26.24,24.5,14.607614452743475,7.0,60.0
318,327,12.685392,9.131363,-1.1646,47.88,56.0,16.91347391874301,10.0,63.0
319,328,12.621882,9.168567,-1.17397,2.21,0.0,3.589693580237734,0.0,10.0
320,329,12.220799,9.328689,-0.81874,1.42,0.0,2.775535984274028,0.0,8.0
321,330,10.623654,6.444471,-1.096825,0.0,0.0,0.0,0.0,0.0
322,331,10.44405,7.498599,1.1392,0.85,0.0,2.206241147291021,0.0,7.0
323,332,10.44189,7.455392,1.3912,0.0,0.0,0.0,0.0,0.0
324,333,10.418755,7.419452,0.974835,0.32,0.0,1.5803797012110732,0.0,9.0
325,334,10.445128,7.491027,0.60524,0.48,0.0,2.1046614929722067,0.0,11.0
326,335,10.484925,7.391393,0.88457,0.22,0.0,1.2536347155371854,0.0,8.0
327,336,11.338493,7.55371,-0.75258,3.02,0.0,4.467616814365351,0.0,12.0
328,337,10.815515,7.263128,-0.79988,0.0,0.0,0.0,0.0,0.0
329,338,9.356379,8.014384,-0.28846,0.0,0.0,0.0,0.0,0.0
330,339,9.483828,7.702943,-0.03264,14.33,13.0,9.041078475491739,0.0,32.0
331,340,9.722689,8.55015,-0.50057,24.78,22.0,15.414655364295369,6.0,54.0
332,341,10.432694,8.235796,-0.801925,23.57,18.5,16.633854033266015,0.0,54.0
333,342,11.007295,8.349324,-1.28481,1.69,0.0,3.5431483175277885,0.0,11.0
334,343,10.906941,8.331786,-0.541675,0.0,0.0,0.0,0.0,0.0
335,344,10.699553,8.26384,-0.53194,2.4,0.0,3.7229020937972566,0.0,10.0
336,345,10.673465,8.39896,-0.682425,0.0,0.0,0.0,0.0,0.0
337,346,10.503556,8.499361,-0.18415,0.0,0.0,0.0,0.0,0.0
338,347,11.168586,7.643307,0.45762,0.0,0.0,0.0,0.0,0.0
339,348,11.125437,7.725949,0.42647,1.61,0.0,2.7382293548934133,0.0,7.0
340,349,11.101735,7.740863,0.99098,1.01,0.0,2.2338084071826754,0.0,6.0
341,350,9.233964,8.471399,0.33662,0.0,0.0,0.0,0.0,0.0
342,351,10.734599,7.944545,-0.74352,57.52,62.0,8.816439190512233,29.0,63.0
343,352,10.983385,8.059852,-0.02822,56.77,61.0,8.830464313953145,29.0,63.0
344,353,9.794228,8.377102,-0.359485,59.33,62.5,5.628596627934888,43.0,63.0
345,354,12.017735,9.080181,-1.346795,61.77,63.0,1.9892460883460348,54.0,63.0
346,355,11.696226,9.02011,-1.17183,58.79,62.0,7.377391137793903,29.0,63.0
347,356,12.223344,8.314229,-1.11542,38.53,38.5,18.060152269568494,10.0,63.0
348,357,11.667279,8.54702,-0.81249,44.53,50.5,17.707882425631812,9.0,63.0
349,358,11.695639,8.744656,-0.688735,41.72,44.0,17.894177824085688,9.0,63.0
350,359,12.01488,8.513587,0.35584,45.1,47.0,16.223131633565696,12.0,63.0
351,360,12.01451,8.512272,0.510585,38.53,38.5,18.060152269568494,10.0,63.0
352,361,12.009676,8.50709,0.72366,29.09,24.0,18.476522941289574,7.0,63.0
353,362,11.991008,8.517213,0.40339,24.4,17.5,16.84695818241382,7.0,62.0
354,363,12.003591,8.500859,0.46061,0.0,0.0,0.0,0.0,0.0
355,364,12.041285,8.480418,0.154325,1.31,0.0,2.726517925853413,0.0,8.0
356,365,12.018982,8.478022,0.2675,0.0,0.0,0.0,0.0,0.0
357,366,12.024446,8.4763,0.05144,3.43,5.0,2.8853249383734925,0.0,7.0
358,367,12.034079,8.490413,0.72405,3.3,5.0,2.8930952282978866,0.0,7.0
359,368,12.044326,8.481749,0.84621,0.0,0.0,0.0,0.0,0.0
360,369,12.043715,8.458999,0.511045,1.85,0.0,2.9098969053902923,0.0,7.0
361,370,12.063358,8.466413,0.19411,0.28,0.0,1.225397894563231,0.0,6.0
362,371,12.313474,8.68216,-1.22808,2.51,0.0,3.4885383758817965,0.0,10.0
363,372,11.804794,8.626042,-0.97267,0.0,0.0,0.0,0.0,0.0
364,373,0.0,0.0,-0.90166,0.0,0.0,0.0,0.0,0.0
365,374,12.148555,8.366465,-0.827405,0.51,0.0,1.5329383549249462,0.0,6.0
366,375,12.16436,8.347024,-0.861645,7.2,7.0,1.2569805089976533,6.0,11.0
367,376,11.584735,8.805892,-1.16857,0.56,0.0,1.9147845831842285,0.0,8.0
368,377,11.641014,8.442278,-0.81439,1.77,0.0,2.8665484471747553,0.0,8.0
369,378,11.843932,8.126764,-1.30216,0.6,0.0,1.8000000000000003,0.0,6.0
370,379,11.469011,8.175741,-0.40365,0.0,0.0,0.0,0.0,0.0
371,380,11.775269,8.291301,0.09071,3.92,6.0,3.245550800711645,0.0,8.0
372,381,12.535471,8.54422,-1.497455,0.34,0.0,1.3507035203922437,0.0,6.0
373,382,12.361703,8.526974,-0.85309,6.57,6.0,3.7848513841365032,0.0,20.0
374,383,12.114252,8.574154,-1.0609,3.44,0.0,4.09712094036776,0.0,14.0
375,384,11.510062,8.551981,-0.99548,0.0,0.0,0.0,0.0,0.0
376,385,11.917842,8.346024,-1.11895,4.38,2.5,4.736623269798856,0.0,14.0
377,386,11.95586,8.255284,-0.9054,1.59,0.0,2.5023788681972197,0.0,6.0
378,387,11.253998,8.82816,-1.21037,4.05,5.5,3.564758056306206,0.0,11.0
379,388,12.020378,8.343881,-0.72325,0.0,0.0,0.0,0.0,0.0
380,389,12.276555,7.974254,-0.49655,0.52,0.0,1.6581917862539302,0.0,6.0
381,390,11.911325,8.656568,-0.68106,18.23,16.0,10.232160084752389,0.0,43.0
382,391,11.844856,8.810067,-1.20145,0.16,0.0,0.913454979733539,0.0,6.0
383,392,11.906208,8.774534,-1.30514,5.13,6.0,3.697715510960788,0.0,11.0
384,393,11.821864,8.842139,0.25373,0.0,0.0,0.0,0.0,0.0
385,394,12.951611,7.742993,-0.77457,24.06,15.5,19.96037073803991,0.0,62.0
386,395,12.753208,7.243292,-0.71866,0.0,0.0,0.0,0.0,0.0
387,396,12.958274,8.127232,-1.46295,5.7,6.0,5.222068555658763,0.0,17.0
388,397,11.406623,7.348553,-1.02537,0.0,0.0,0.0,0.0,0.0
389,398,11.517294,7.313149,0.37567,0.0,0.0,0.0,0.0,0.0
390,399,12.647073,7.986786,-1.094915,0.0,0.0,0.0,0.0,0.0
391,400,13.088227,7.233168,-0.08868,0.0,0.0,0.0,0.0,0.0
392,401,11.882149,7.591345,-0.52606,0.0,0.0,0.0,0.0,0.0
393,402,13.017,7.623862,0.387635,0.0,0.0,0.0,0.0,0.0
394,403,12.569685,7.523132,-0.89358,0.17,0.0,0.9701030873056739,0.0,6.0
395,404,11.785781,7.589403,0.05544,0.12,0.0,0.8400000000000001,0.0,6.0
396,405,11.919216,7.81348,-0.89092,1.89,0.0,3.310271892156294,0.0,9.0
397,406,12.904235,7.979998,-1.40727,0.81,0.0,2.0134299093834875,0.0,6.0
398,407,13.097233,7.93437,-1.20451,0.0,0.0,0.0,0.0,0.0
399,408,13.299992,8.018677,-1.33903,0.0,0.0,0.0,0.0,0.0
400,409,13.2681,7.919713,-0.9083,3.77,0.0,5.293118173628849,0.0,20.0
401,410,12.319748,7.554294,-1.01358,4.72,0.0,5.667592081298724,0.0,21.0
402,411,12.177515,7.819181,-1.32904,0.06,0.0,0.596992462263972,0.0,6.0
403,412,11.577281,7.078838,-0.9983,5.09,0.0,7.021531172045026,0.0,23.0
404,413,11.176362,7.12124,-0.35881,0.0,0.0,0.0,0.0,0.0
405,414,12.384026,7.378544,-1.38251,0.0,0.0,0.0,0.0,0.0
406,415,12.367459,7.28939,-1.003165,23.66,22.0,16.278341438856724,0.0,57.0
407,416,12.4446,7.306179,-0.710635,0.3,0.0,1.3076696830622025,0.0,6.0
408,417,12.434543,7.447973,-0.22402,0.0,0.0,0.0,0.0,0.0
409,418,12.273167,4.418655,-0.98906,1.65,0.0,2.8788018340969557,0.0,8.0
410,419,12.564424,4.29732,-0.91613,0.0,0.0,0.0,0.0,0.0
411,420,12.763274,4.549637,0.69266,0.0,0.0,0.0,0.0,0.0
412,421,12.895342,4.687789,-1.077405,0.0,0.0,0.0,0.0,0.0
413,422,0.0,0.0,-1.0562,0.0,0.0,0.0,0.0,0.0
414,423,12.466384,4.192451,-0.074965,0.0,0.0,0.0,0.0,0.0
415,424,12.072473,4.073512,-1.00455,1.74,0.0,3.058169387068022,0.0,9.0
416,425,11.732453,3.725743,-1.3547,0.0,0.0,0.0,0.0,0.0
417,426,12.507371,4.633051,-0.64214,0.22,0.0,1.2536347155371854,0.0,8.0
418,427,11.916628,4.446005,-1.1025,0.0,0.0,0.0,0.0,0.0
419,428,12.308504,4.336993,-0.83462,0.0,0.0,0.0,0.0,0.0
420,429,11.452769,4.436203,-1.17957,1.27,0.0,2.8314483926075713,0.0,9.0
421,430,10.548931,4.635241,-0.6581,0.0,0.0,0.0,0.0,0.0
422,431,11.088202,5.438432,-1.045485,2.4,0.0,3.5665109000254014,0.0,11.0
423,432,11.279833,5.450857,-0.237205,8.18,8.0,4.970673998563978,0.0,19.0
424,433,11.248424,4.630012,-1.49257,1.18,0.0,2.233293531983649,0.0,6.0
425,434,11.360307,4.554957,-1.13828,2.19,0.0,3.2177476594661676,0.0,10.0
426,435,11.969459,4.158634,-1.44211,1.87,0.0,2.700574013057224,0.0,8.0
427,436,11.732542,4.095202,-1.35,0.0,0.0,0.0,0.0,0.0
428,437,11.667504,4.044361,-0.73956,0.18,0.0,1.023523326553919,0.0,6.0
429,438,11.419111,6.016153,-1.06641,1.87,0.0,2.8059044887522453,0.0,7.0
430,439,11.393255,5.288657,-0.95757,4.55,6.0,4.219893363581597,0.0,15.0
431,440,11.42596,5.247221,0.43552,0.0,0.0,0.0,0.0,0.0
432,441,13.250345,4.940612,-1.129975,0.0,0.0,0.0,0.0,0.0
433,442,12.875227,5.089259,-0.89396,1.36,0.0,2.368628295026469,0.0,6.0
434,443,12.953346,5.423015,-1.22416,0.46,0.0,1.4657421328460203,0.0,6.0
435,444,13.73572,5.760184,-1.164775,32.15,29.5,18.284077772750805,7.0,63.0
436,445,13.767678,5.598808,-0.97543,31.76,25.5,19.910861357560602,6.0,63.0
437,446,13.289202,5.344613,-1.16689,37.92,39.5,17.973691885642193,8.0,63.0
438,447,13.738739,5.289667,-1.1179,27.18,19.0,20.164017456846242,5.0,63.0
439,448,13.227335,6.516129,-1.4289,0.6,0.0,1.8000000000000003,0.0,6.0
440,449,12.328103,5.131472,-1.34473,0.42,0.0,1.530882098660769,0.0,6.0
441,450,12.55602,4.899131,-1.012845,0.0,0.0,0.0,0.0,0.0
442,451,13.05799,4.835018,-0.94223,1.27,0.0,2.336043663975483,0.0,6.0
443,452,13.076206,5.234048,-0.047785,19.44,14.0,14.010938583835133,6.0,57.0
444,453,13.068096,5.254032,0.392195,0.99,0.0,2.1236525139485507,0.0,6.0
445,454,13.05763,5.238103,0.35192,0.0,0.0,0.0,0.0,0.0
446,455,13.062413,5.264988,0.58755,0.9,0.0,2.1563858652847827,0.0,7.0
447,456,12.36209,4.818673,-1.22587,2.35,0.0,2.906458325866725,0.0,7.0
448,457,12.431023,4.807838,0.00593,0.0,0.0,0.0,0.0,0.0
449,458,13.60666,5.098848,-1.05316,0.34,0.0,1.3507035203922435,0.0,6.0
450,459,13.271874,4.954301,-0.93167,0.0,0.0,0.0,0.0,0.0
451,460,13.065209,5.172954,-0.762485,0.47,0.0,1.596590116466966,0.0,6.0
452,461,13.194602,5.449222,-1.07898,2.14,0.0,3.255825548152112,0.0,9.0
453,462,13.222969,5.51283,-0.67588,0.31,0.0,1.230406436914242,0.0,6.0
454,463,13.241712,5.415384,-0.97211,0.56,0.0,1.5957443404254956,0.0,6.0
455,464,12.673017,5.001641,-1.03807,0.0,0.0,0.0,0.0,0.0
456,465,12.142818,5.736969,-1.02075,12.33,8.0,11.783933978090678,0.0,51.0
457,466,12.324848,6.821461,-1.1661,0.62,0.0,1.770762547604845,0.0,6.0
458,467,12.512896,6.892832,-1.176885,0.55,0.0,1.6575584454250778,0.0,6.0
459,468,12.559608,6.964741,-1.265405,5.49,6.0,4.174913172749824,0.0,14.0
460,469,12.214337,5.67388,-1.05404,0.07,0.0,0.6964912059746339,0.0,7.0
461,470,12.034888,6.504733,-1.05347,0.38,0.0,1.5085091978506462,0.0,7.0
462,471,12.3651,6.527768,-0.439905,0.62,0.0,1.9787875075409187,0.0,8.0
463,472,11.635978,6.673795,-1.21063,2.39,0.0,3.279923779602203,0.0,8.0
464,473,12.147552,6.713368,1.4108,1.09,0.0,2.3498723369579038,0.0,7.0
465,474,12.485872,6.583792,-1.05937,6.32,6.5,4.906893110716802,0.0,18.0
466,475,12.544155,6.659695,-1.12174,0.0,0.0,0.0,0.0,0.0
467,476,12.59499,6.601912,-0.46164,2.96,5.0,2.9323028492978005,0.0,7.0
468,477,11.12339,6.135203,-1.11212,0.35,0.0,1.3883443376914824,0.0,6.0
469,478,11.508538,6.53569,-1.08299,0.12,0.0,0.8400000000000001,0.0,6.0
470,479,11.558985,6.011189,-1.27229,0.56,0.0,1.6871277367170514,0.0,6.0
471,480,11.650689,6.281018,-0.9748,32.18,29.0,17.598511300675405,7.0,59.0
472,481,13.058108,6.404704,-1.19954,41.28,44.0,13.580191456676891,12.0,59.0
473,482,12.569394,6.066145,-0.4507,32.18,29.0,17.598511300675405,7.0,59.0
474,483,12.942229,6.828051,-1.371285,41.47,45.0,13.983887156295278,10.0,59.0
475,484,12.775727,6.525276,-1.26241,0.99,0.0,2.364296935666076,0.0,7.0
476,485,12.665355,6.793773,-1.13667,2.87,0.0,3.596261948190093,0.0,11.0
477,486,12.704106,6.838978,-1.05934,1.0,0.0,2.3958297101421877,0.0,8.0
478,487,12.778623,6.807142,-0.93072,0.0,0.0,0.0,0.0,0.0
479,488,5.085017,7.370816,1.404235,0.0,0.0,0.0,0.0,0.0
480,489,5.100968,7.347212,1.50114,1.65,0.0,2.875326068465974,0.0,8.0
481,490,5.082277,7.369537,1.14867,6.06,7.0,2.568345771114162,0.0,9.0
482,491,5.124671,7.358141,1.53304,5.34,7.0,2.888667512885483,0.0,8.0
483,492,5.502465,7.890522,-0.54166,6.74,8.0,3.126083812056228,0.0,10.0
484,493,5.437981,7.884078,-0.25738,5.52,6.0,2.586426105652354,0.0,9.0
485,494,5.62492,7.590855,0.04794,0.36,0.0,1.4249210504445502,0.0,6.0
486,495,5.525665,7.618499,-0.78983,15.25,10.0,12.450200801593523,6.0,55.0
487,496,5.836603,7.561155,-0.62474,0.69,0.0,2.5325678668102856,0.0,12.0
488,497,5.634796,7.553911,0.25054,5.47,6.0,5.411940502259795,0.0,16.0
489,498,5.413404,7.423153,0.37493,1.2,0.0,3.0265491900843116,0.0,11.0
490,499,5.385009,7.32969,0.526035,8.52,9.0,1.4455448799674122,6.0,11.0
491,500,5.272074,7.302021,0.207865,22.34,19.5,11.67152089489626,6.0,51.0
492,501,5.317823,7.459297,0.50432,11.05,10.0,8.026674280173577,0.0,36.0
493,502,5.717542,7.471874,0.16451,8.31,8.0,5.8132521018789465,0.0,22.0
494,503,5.162668,7.393923,0.348505,10.92,11.0,1.2302845199383758,7.0,13.0
495,504,5.737478,7.768628,-0.07826,13.88,13.0,4.684613111026352,7.0,24.0
496,505,5.646947,7.836451,0.55399,4.47,6.0,3.991127660198306,0.0,10.0
497,506,5.563079,7.847086,-0.02599,0.0,0.0,0.0,0.0,0.0
498,507,4.892007,7.356866,0.55553,14.47,15.0,1.9720801200762612,9.0,17.0
499,508,5.533006,7.491078,1.365175,23.78,20.0,10.141577786518232,10.0,50.0
500,509,5.46757,7.515657,0.58743,0.0,0.0,0.0,0.0,0.0
501,510,5.45143,7.492928,0.72353,13.55,14.0,2.5743931323712004,9.0,20.0
502,511,5.953987,7.083569,0.55669,11.26,10.0,3.3003636163307823,6.0,18.0
503,512,6.011438,7.086194,1.05078,11.87,11.0,2.133799428249994,9.0,18.0
504,513,6.33458,6.841394,0.07323,12.17,12.0,2.345442388974839,9.0,19.0
505,514,0.0,0.0,-1.27441,29.12,25.0,11.918288467728914,12.0,58.0
506,515,6.092781,7.047625,0.71542,40.18,43.0,14.315292522334289,12.0,62.0
507,516,6.183648,7.056912,0.9249,15.38,14.0,3.393464306575215,10.0,28.0
508,517,6.604132,6.997036,-0.483345,10.24,10.0,1.8979989462589275,6.0,15.0
509,518,6.195095,6.943833,0.6664,9.92,10.0,1.0647065323364933,8.0,12.0
510,519,6.028659,6.831817,0.61347,18.32,16.0,5.630062166619476,12.0,32.0
511,520,6.119628,6.922108,0.43479,5.07,6.0,2.940255090974251,0.0,9.0
512,521,6.140305,6.943878,0.69543,36.44,37.0,16.439172728577308,10.0,62.0
513,522,6.14198,6.84193,1.18644,41.84,43.5,12.672584582475666,13.0,62.0
514,523,6.125348,6.793297,1.78556,12.76,13.0,2.8429562078934665,7.0,18.0
515,524,6.028328,6.962906,0.47247,13.63,13.0,5.072780302753116,0.0,24.0
516,525,5.86364,6.840765,0.463975,6.47,7.0,4.095009157498918,0.0,14.0
517,526,5.796734,6.868079,0.64524,0.0,0.0,0.0,0.0,0.0
518,527,6.027987,6.94424,0.99545,0.08,0.0,0.7959899496852959,0.0,8.0
519,528,5.992658,6.740741,0.43192,4.06,0.0,4.65793945860184,0.0,13.0
520,529,6.113286,6.785989,0.99242,1.26,0.0,2.9346890806352897,0.0,11.0
521,530,6.149953,6.797823,1.3518,17.35,14.0,9.496709956611289,0.0,40.0
522,531,6.086284,7.071176,0.35868,0.0,0.0,0.0,0.0,0.0
523,532,6.028783,7.093512,0.9866,0.0,0.0,0.0,0.0,0.0
524,533,5.963952,7.233974,0.90782,0.0,0.0,0.0,0.0,0.0
525,534,6.224442,8.367934,-0.82696,0.0,0.0,0.0,0.0,0.0
526,535,6.223327,8.173345,-0.831605,0.0,0.0,0.0,0.0,0.0
527,536,5.881247,7.926277,0.439675,0.91,0.0,2.3583680798382596,0.0,8.0
528,537,5.92299,7.88038,-0.11492,5.06,7.5,5.0374993796525676,0.0,14.0
529,538,6.334288,8.079278,0.92265,0.22,0.0,1.2536347155371854,0.0,8.0
530,539,6.166097,7.953141,-0.81221,0.06,0.0,0.5969924622639718,0.0,6.0
531,540,6.123768,8.097767,-0.78712,6.0,7.0,5.287721626560915,0.0,17.0
532,541,6.224314,8.322529,-0.55793,0.0,0.0,0.0,0.0,0.0
533,542,6.113871,8.219959,-0.898595,2.23,0.0,3.7117516080686213,0.0,10.0
534,543,6.627755,7.831058,-0.61848,2.45,0.0,3.8036166999317897,0.0,10.0
535,544,6.442368,7.78912,-0.430895,6.8,9.0,4.939635614091388,0.0,14.0
536,545,6.396613,7.917805,-0.38715,0.55,0.0,2.021756661915573,0.0,9.0
537,546,6.204235,7.848501,-0.451255,6.36,9.0,5.290595429627936,0.0,14.0
538,547,5.92388,7.726977,-0.699065,0.0,0.0,0.0,0.0,0.0
539,548,5.961636,7.557885,-0.1974,1.05,0.0,2.523390576189109,0.0,9.0
540,549,6.387544,8.386034,-0.65349,0.0,0.0,0.0,0.0,0.0
541,550,6.049313,7.751943,-0.24991,2.68,0.0,3.831135601880988,0.0,12.0
542,551,6.011558,7.79328,-0.37927,4.41,7.0,3.7097034921944907,0.0,9.0
543,552,6.401897,7.934859,0.003985,42.77,46.5,16.74207573749444,10.0,63.0
544,553,6.629645,8.010709,-1.11886,19.13,17.0,9.359118548239465,8.0,47.0
545,554,6.376401,7.958686,-0.57255,35.14,31.5,17.00648111750341,8.0,63.0
546,555,6.224367,7.740757,-0.40486,43.56,47.0,16.23288021270409,11.0,63.0
547,556,6.075453,7.835072,-0.6323,21.22,16.0,13.339850074120022,6.0,55.0
548,557,0.0,0.0,-0.67776,0.0,0.0,0.0,0.0,0.0
549,558,6.151128,7.418385,0.31216,0.3,0.0,1.3076696830622025,0.0,6.0
550,559,6.222609,7.426635,0.3151,0.0,0.0,0.0,0.0,0.0
551,560,6.477779,7.509966,0.91166,0.24,0.0,1.1757550765359257,0.0,6.0
552,561,6.471128,7.571541,1.42964,0.0,0.0,0.0,0.0,0.0
553,562,6.456492,7.539912,1.827675,2.5,0.0,3.2233522922572395,0.0,8.0
554,563,6.435024,7.518791,1.46473,8.36,8.0,3.9000512817141266,0.0,23.0
555,564,6.384846,7.474166,0.8889,0.0,0.0,0.0,0.0,0.0
556,565,6.464136,7.190254,0.06436,1.46,0.0,2.769187606501229,0.0,8.0
557,566,6.61256,7.412998,-0.17866,13.28,13.0,3.927034504559389,7.0,25.0
558,567,6.706788,7.391684,-0.34966,12.25,11.0,5.97724853088777,0.0,26.0
559,568,6.654585,7.425133,0.26459,4.9,7.0,3.845776904605882,0.0,11.0
560,569,0.0,0.0,-0.31185,6.97,8.0,5.185470084765701,0.0,16.0
561,570,7.023375,7.448162,-0.2019,1.95,0.0,3.4536212878658255,0.0,11.0
562,571,6.89424,7.444949,0.02768,0.0,0.0,0.0,0.0,0.0
563,572,6.753528,7.769925,-0.87511,0.0,0.0,0.0,0.0,0.0
564,573,6.36022,7.681869,-0.44482,8.42,8.0,1.3052202879207786,6.0,11.0
565,574,6.338483,7.479266,0.33869,10.4,10.0,1.4352700094407325,7.0,13.0
566,575,6.849062,7.378249,-0.06502,7.97,8.0,1.1353853971229328,6.0,10.0
567,576,6.781007,7.426636,0.14613,6.95,8.0,3.4011027623404737,0.0,11.0
568,577,6.152352,7.36851,0.41918,9.38,9.0,1.5018655066283397,6.0,12.0
569,578,6.936139,7.556368,-0.19216,3.26,6.0,3.1547424617550006,0.0,8.0
570,579,6.601337,7.333683,-0.260775,10.05,9.0,2.994578434437809,6.0,21.0
571,580,6.530635,7.111675,-0.20214,9.46,9.0,0.9840731680114035,8.0,11.0
572,581,5.441854,7.257946,0.40381,11.17,11.0,1.1140466776576285,9.0,14.0
573,582,5.491979,7.227432,0.68464,9.35,9.0,1.2519984025548914,8.0,13.0
574,583,5.600442,7.255178,0.02379,7.45,8.0,1.0331989159885915,6.0,10.0
575,584,5.652176,7.295176,0.3386,21.88,20.0,6.350244089796864,14.0,39.0
576,585,5.88853,7.08011,0.03996,45.21,44.0,4.952363072312045,33.0,56.0
577,586,5.817813,7.168341,-0.101715,2.52,0.0,4.283643309147017,0.0,15.0
578,587,5.529132,7.12154,0.44191,5.49,7.0,3.4190495755399626,0.0,10.0
579,588,5.606702,7.15032,0.79568,10.22,9.0,3.8976403117783973,6.0,21.0
580,589,5.612769,6.945487,0.356335,9.22,9.0,0.7152621896899066,8.0,11.0
581,590,5.569454,7.30204,0.18558,9.32,9.0,0.8352245207128441,8.0,13.0
582,591,5.528416,7.374866,0.50311,9.72,9.0,1.35705563629499,8.0,15.0
583,592,5.378015,6.793277,-0.12078,10.86,11.0,1.5428544973522293,8.0,15.0
584,593,5.609557,6.774939,-1.014495,38.71,39.0,11.502430178010211,17.0,59.0
585,594,5.804532,7.289973,-0.24022,8.76,8.0,1.2009995836801943,7.0,12.0
586,595,5.757782,7.173965,0.29728,10.01,10.0,2.14240519043434,7.0,19.0
587,596,5.821662,7.029831,0.79232,9.14,9.0,1.3343163043296744,7.0,13.0
588,597,5.812998,6.951023,0.48109,7.57,7.0,1.3360763451240352,6.0,12.0
589,598,5.770023,6.959956,-0.01905,25.29,23.0,10.825243646218778,12.0,56.0
590,599,5.75003,6.921899,0.13099,28.9,27.5,11.458184847522752,10.0,56.0
591,600,5.755592,6.885817,0.37075,23.67,17.5,14.072707628597989,7.0,56.0
592,601,5.502847,7.013101,1.07661,28.48,23.0,14.398944405754191,12.0,61.0
593,602,5.406518,7.12948,0.51583,1.56,0.0,2.710424321024292,0.0,7.0
594,603,5.425368,7.119244,0.82481,3.88,6.0,3.2071170854834725,0.0,8.0
595,604,5.447629,7.146526,0.78321,3.55,6.0,3.2691742076555053,0.0,9.0
596,605,5.039228,7.743902,0.20805,5.65,6.0,2.5705057868053904,0.0,9.0
597,606,4.652708,7.964213,0.66772,13.51,12.5,6.137580956696213,0.0,29.0
598,607,4.652164,7.935231,1.00324,0.0,0.0,0.0,0.0,0.0
599,608,4.665988,7.915869,0.917545,39.3,39.0,15.435349040433131,15.0,62.0
600,609,4.613304,8.036169,0.17216,7.67,8.0,2.420970879626601,0.0,13.0
601,610,5.131645,7.562385,-0.20902,0.93,0.0,2.219256632298302,0.0,7.0
602,611,4.859032,7.997767,-0.05987,8.39,8.0,2.734574921262901,0.0,14.0
603,612,5.188465,7.844778,-0.207415,8.17,8.0,1.7779482557149968,6.0,16.0
604,613,4.595597,7.720882,-0.0128,10.33,9.0,2.7642539680716744,7.0,18.0
605,614,5.185092,7.71528,0.87916,0.24,0.0,1.1757550765359253,0.0,6.0
606,615,5.310964,7.808506,-0.36493,7.12,8.0,5.79530844735636,0.0,19.0
607,616,5.029461,7.88952,0.76002,1.38,0.0,2.610670411982332,0.0,8.0
608,617,4.666389,8.113456,-0.34892,9.64,9.0,3.8562157615984094,0.0,29.0
609,618,4.710534,8.273757,-0.5669,4.14,0.0,5.010029940030299,0.0,18.0
610,619,4.840835,7.894641,-0.17333,45.31,48.5,14.041862412087648,14.0,62.0
611,620,4.933343,7.885077,-0.21645,29.99,23.5,18.252942228583315,7.0,62.0
612,621,4.703456,8.010666,-0.26823,2.16,0.0,2.8485785929126126,0.0,7.0
613,622,5.201542,7.598517,-0.21665,9.36,7.5,4.475533487753164,0.0,23.0
614,623,4.82671,8.226735,0.41933,6.93,7.0,1.2104131526053408,0.0,10.0
615,624,4.922969,7.599793,-0.156265,6.85,6.0,3.4767082132384934,0.0,20.0
616,625,5.09602,7.966481,0.36845,13.82,10.0,8.917824846900729,8.0,54.0
617,626,4.782493,8.179391,-0.25475,7.63,7.0,1.683181511305302,6.0,13.0
618,627,5.015734,7.922837,1.5281,29.14,23.0,13.789865844162517,11.0,59.0
619,628,5.03532,7.964703,1.00702,3.29,5.0,3.259739253375951,0.0,9.0
620,629,4.290337,6.094226,-0.38647,29.68,27.0,9.568573561404019,14.0,56.0
621,630,4.336703,6.259251,0.6637,3.69,6.0,2.8519992987376415,0.0,7.0
622,631,4.329421,6.035831,0.42744,0.0,0.0,0.0,0.0,0.0
623,632,4.310359,6.190186,0.09342,9.11,9.0,1.5355455056754261,6.0,13.0
624,633,4.866164,5.814328,0.3112,20.14,15.5,10.688330084723244,10.0,57.0
625,634,5.011625,5.81876,-0.435615,14.16,13.0,4.215969639359373,10.0,30.0
626,635,4.893463,5.735603,0.49545,28.44,24.0,13.4248426433981,12.0,58.0
627,636,5.132397,5.922074,-0.02781,23.66,18.0,13.674223926790143,10.0,58.0
628,637,4.95931,5.631937,-0.14324,12.27,11.0,3.735920234694526,8.0,27.0
629,638,5.071501,5.863852,-0.04997,3.02,5.0,2.529743069957896,0.0,6.0
630,639,0.0,0.0,0.46994,20.23,18.0,6.948172421579649,12.0,37.0
631,640,4.534514,6.392616,1.01233,46.36,47.0,11.231669510807377,22.0,62.0
632,641,4.687263,6.318596,0.43841,50.27,48.5,7.635253761336293,32.0,63.0
633,642,4.785544,6.314492,0.75989,30.5,27.0,9.398404119849284,18.0,50.0
634,643,4.830457,6.317071,0.76662,38.45,41.0,8.463303137664395,21.0,51.0
635,644,4.758095,5.977875,-0.10767,0.0,0.0,0.0,0.0,0.0
636,645,4.767857,6.150217,0.15797,0.0,0.0,0.0,0.0,0.0
637,646,4.593376,5.668155,0.31493,5.15,7.0,4.800781186432058,0.0,13.0
638,647,4.711195,6.039983,0.4972,1.43,0.0,2.7027948497805006,0.0,7.0
639,648,5.253494,6.520343,0.6096,0.95,0.0,2.268810260907686,0.0,7.0
640,649,5.21344,6.528436,0.48929,0.27,0.0,1.5352849898308787,0.0,9.0
641,650,5.043298,6.393028,1.4117,0.0,0.0,0.0,0.0,0.0
642,651,5.00182,6.362631,1.49883,0.0,0.0,0.0,0.0,0.0
643,652,5.910192,8.092837,-0.214585,38.75,42.5,17.196729340197223,8.0,62.0
644,653,5.318052,8.587127,0.25815,24.33,18.0,17.750523935929326,0.0,60.0
645,654,5.350739,8.324381,0.16162,0.0,0.0,0.0,0.0,0.0
646,655,4.882177,8.425215,-0.163665,0.0,0.0,0.0,0.0,0.0
647,656,4.884884,8.470668,-0.06307,5.08,0.0,6.56609472974614,0.0,20.0
648,657,6.56307,8.808679,-0.31412,0.0,0.0,0.0,0.0,0.0
649,658,6.442639,8.931405,-0.21811,0.0,0.0,0.0,0.0,0.0
650,659,6.463712,8.95124,-0.252215,0.0,0.0,0.0,0.0,0.0
651,660,4.968501,8.339671,1.06429,1.34,0.0,2.6878243990260975,0.0,7.0
652,661,4.923228,8.328329,1.05672,0.61,0.0,1.9436820727680748,0.0,7.0
653,662,5.939873,8.850426,-0.63754,0.17,0.0,0.9701030873056739,0.0,6.0
654,663,6.029597,8.872977,0.22511,2.95,0.0,4.2458803562983265,0.0,12.0
655,664,5.986337,8.736251,0.55971,0.0,0.0,0.0,0.0,0.0
656,665,6.628065,9.242049,-0.03526,0.0,0.0,0.0,0.0,0.0
657,666,6.183286,8.368608,-0.69694,0.25,0.0,1.2278029157808674,0.0,7.0
658,667,5.829562,8.412643,-0.58169,4.94,7.0,3.5772056133244563,0.0,10.0
659,668,5.161451,8.310817,-0.48519,5.4,7.0,3.6249137920783716,0.0,12.0
660,669,5.167982,8.154067,0.20999,6.13,6.0,1.5726092966786123,0.0,9.0
661,670,5.271364,7.95072,0.046345,10.13,9.0,4.016603042372996,6.0,22.0
662,671,5.791067,8.059671,0.5505,5.49,6.0,2.022350118055724,0.0,7.0
663,672,5.74557,8.198888,-0.22421,22.5,19.0,13.595219748132061,6.0,54.0
664,673,6.735454,8.448336,-0.485275,10.21,9.0,3.2902735448591502,8.0,24.0
665,674,6.810321,8.808429,-0.461825,6.98,7.0,1.0486181383134663,6.0,10.0
666,675,6.322981,6.416071,0.603155,30.24,29.0,10.075832471810951,14.0,54.0
667,676,6.31111,6.483406,0.994125,5.04,6.0,2.6340842811117495,0.0,10.0
668,677,5.313626,5.788037,-0.26962,13.01,11.0,6.956284928034504,0.0,29.0
669,678,5.347705,5.866577,0.1425,10.08,9.0,3.3872702874143363,6.0,23.0
670,679,5.358943,5.704635,-0.20856,8.36,8.0,1.6341358572652398,6.0,12.0
671,680,5.353119,5.386393,0.71422,29.57,26.5,17.03423317910143,8.0,62.0
672,681,5.587919,5.977939,0.72753,6.85,7.0,1.16940155635265,0.0,10.0
673,682,5.829083,5.829137,-0.27032,3.83,5.0,3.124275916112404,0.0,9.0
674,683,5.936639,5.651535,0.67802,36.35,36.5,12.270594932602085,13.0,59.0
675,684,6.098491,6.173061,-0.06469,11.06,9.0,4.8678948221998395,6.0,24.0
676,685,6.266207,6.187649,1.50975,6.72,6.0,1.612947612292476,0.0,11.0
677,686,5.468735,6.070703,0.13609,9.69,9.0,2.7447950743179352,6.0,21.0
678,687,5.727279,5.753006,0.29789,14.8,12.5,7.0710678118654755,7.0,39.0
679,688,6.12839,6.746714,0.0295,51.48,54.5,10.886211462212188,25.0,63.0
680,689,5.229959,6.195732,1.00911,55.37,60.0,8.873167416430277,29.0,63.0
681,690,5.168889,5.931465,0.6595,5.58,6.0,1.2820296408429879,0.0,7.0
682,691,5.900629,5.664856,1.21854,46.68,52.0,15.835959080523036,13.0,63.0
683,692,5.549492,6.077196,0.96821,41.34,43.0,15.897936973079245,9.0,63.0
684,693,5.324094,5.800796,-0.3136,40.72,43.0,16.629539981611035,9.0,63.0
685,694,5.382238,5.781858,0.07108,44.48,48.5,16.301828118343046,12.0,63.0
686,695,5.848891,6.136667,1.50544,52.09,58.0,12.501275934879606,17.0,63.0
687,696,5.524991,5.78509,1.45675,44.66,50.0,17.81640816775368,11.0,63.0
688,697,5.522333,5.764908,1.46878,5.0,6.0,2.7820855486487113,0.0,8.0
689,698,5.445797,5.470353,-0.73024,4.29,6.0,4.729259984395023,0.0,19.0
690,699,6.353044,5.581832,0.85701,9.66,8.0,6.397218145412895,0.0,25.0
691,700,6.38605,5.615041,1.23069,3.17,0.0,3.340823251834793,0.0,8.0
692,701,6.379455,5.628859,0.98069,0.23,0.0,1.1300884921102416,0.0,6.0
693,702,6.361278,5.58518,0.91888,7.72,7.0,6.243524645582814,0.0,28.0
694,703,6.338824,5.594767,1.267345,2.11,0.0,3.6793885361565173,0.0,10.0
695,704,6.329108,5.578549,1.23707,1.56,0.0,3.1410826159144554,0.0,9.0
696,705,6.797827,6.254015,0.70685,40.45,42.5,16.34892962857202,10.0,63.0
697,706,6.770334,6.350085,0.38594,19.28,15.0,11.890399488663112,7.0,50.0
698,707,6.741496,6.325082,0.67613,2.87,0.0,3.12619577122099,0.0,7.0
699,708,6.519155,6.321776,0.28496,6.47,6.0,1.187055179846329,5.0,10.0
700,709,6.614066,6.102107,0.2787,0.82,0.0,2.151185719550964,0.0,8.0
701,710,6.755313,6.083499,1.00661,0.0,0.0,0.0,0.0,0.0
702,711,7.090224,6.508909,0.52299,0.0,0.0,0.0,0.0,0.0
703,712,7.112295,6.648608,0.14627,2.33,0.0,3.2681952206072395,0.0,8.0
704,713,6.327319,5.662666,0.89164,1.54,0.0,2.7764005474714915,0.0,9.0
705,714,6.288427,5.689869,0.886715,18.73,14.0,11.766779508429654,8.0,55.0
706,715,6.300623,6.004428,0.60679,26.58,27.0,6.540917366853063,15.0,43.0
707,716,6.208886,5.43514,-0.77399,43.3,43.5,5.424942396007538,34.0,58.0
708,717,6.671803,5.391137,-0.343855,45.07,44.0,9.0479334657147,29.0,62.0
709,718,6.619562,5.131794,-0.57388,10.23,10.0,1.8753932920856895,8.0,15.0
710,719,6.790872,5.27493,-0.70491,10.24,10.0,2.191437884129961,7.0,21.0
711,720,6.961829,6.012319,0.44262,7.77,8.0,0.810617048920142,6.0,10.0
712,721,6.860848,5.950018,0.69176,9.37,9.0,0.9864583113340369,8.0,12.0
713,722,4.889928,6.664562,0.13797,37.6,36.0,16.66553329479738,14.0,63.0
714,723,5.119204,6.658712,0.04937,30.4,26.0,12.645157175772866,16.0,62.0
715,724,5.168308,6.514566,0.100145,54.25,58.5,9.288029931045658,26.0,63.0
716,725,5.155016,6.573446,-0.04379,24.22,20.5,10.577882585848643,12.0,48.0
717,726,4.731881,6.77287,1.02219,36.25,38.5,12.20440494247876,15.0,62.0
718,727,4.53797,7.260129,-0.73337,15.57,15.0,3.5447284804340087,11.0,29.0
719,728,4.478648,7.496496,-0.82797,36.88,34.0,12.187107942411933,21.0,60.0
720,729,4.72675,6.869859,0.82252,9.99,10.0,2.037130334563795,7.0,15.0
721,730,4.488672,7.163978,-0.87172,9.3,9.0,1.3601470508735443,7.0,13.0
722,731,4.482022,7.128664,0.14779,5.24,6.0,2.236604569431083,0.0,7.0
723,732,4.398368,7.16063,1.43847,5.19,6.0,2.19861319926903,0.0,7.0
724,733,4.784003,7.156231,1.042,58.13,62.0,7.627129210915467,31.0,63.0
725,734,4.79089,7.121383,1.05522,57.31,62.0,9.419867302674703,20.0,63.0
726,735,5.070138,6.727293,0.648,6.79,7.0,3.482226299366542,0.0,13.0
727,736,4.896903,7.131717,1.19574,62.29,63.0,1.6266222671536257,54.0,63.0
728,737,4.684547,7.299867,0.37783,49.18,53.0,13.334451619770496,21.0,63.0
729,738,4.707788,7.293326,0.5027,19.53,18.0,9.586923385528852,5.0,41.0
730,739,4.730406,7.449204,-0.28959,16.66,14.0,10.774247073461792,0.0,41.0
731,740,4.738061,7.436819,-0.2997,17.88,16.5,10.90621840969637,0.0,41.0
732,741,4.860163,7.039834,2.03856,0.0,0.0,0.0,0.0,0.0
733,742,4.804074,6.974081,2.27193,0.0,0.0,0.0,0.0,0.0
734,743,5.167839,7.252561,-0.07308,0.0,0.0,0.0,0.0,0.0
735,744,4.806625,7.004798,1.70644,1.45,0.0,2.750908940695784,0.0,8.0
736,745,4.763969,7.033651,1.168535,1.79,0.0,2.8223926020311207,0.0,7.0
737,746,7.621443,5.224215,1.058465,2.37,0.0,2.9888292022127994,0.0,7.0
738,747,7.600355,5.218242,1.33352,0.48,0.0,1.64,0.0,7.0
739,748,7.636652,5.229608,1.46073,2.1,0.0,2.944486372867091,0.0,7.0
740,749,7.601959,5.417433,-0.14331,0.0,0.0,0.0,0.0,0.0
741,750,7.638459,5.408666,0.82113,0.78,0.0,2.027708065772783,0.0,7.0
742,751,7.650429,5.532054,0.7491,0.56,0.0,1.7850490189347743,0.0,7.0
743,752,7.661944,4.928211,0.37524,0.41,0.0,1.497297565616134,0.0,6.0
744,753,7.784205,5.714917,0.48786,0.69,0.0,1.9682225483923306,0.0,7.0
745,754,7.766514,5.739296,0.61002,4.29,3.0,4.523925286739382,0.0,13.0
746,755,7.797304,5.691788,0.77553,0.0,0.0,0.0,0.0,0.0
747,756,7.731733,5.735602,0.424325,0.0,0.0,0.0,0.0,0.0
748,757,7.500424,5.080702,0.24003,1.13,0.0,2.270044052435987,0.0,6.0
749,758,7.603704,5.1125,0.29424,2.04,0.0,3.0916662174303355,0.0,9.0
750,759,7.809784,4.926864,0.33657,1.04,0.0,2.391317628421619,0.0,7.0
751,760,7.596037,5.014826,0.27372,0.13,0.0,0.9127431182978046,0.0,7.0
752,761,7.832773,5.022428,0.71992,62.99,63.0,0.09949874371066203,62.0,63.0
753,762,7.49193,5.243404,0.89324,62.96,63.0,0.31368774282716244,60.0,63.0
754,763,7.930775,5.444364,0.267805,62.69,63.0,1.205777757300242,53.0,63.0
755,764,7.707998,5.498398,0.738975,62.04,63.0,2.3320377355437456,51.0,63.0
756,765,7.656989,5.117314,0.793395,55.82,63.0,11.736592350422674,19.0,63.0
757,766,7.988353,5.129855,0.52875,55.89,61.0,9.407332246710542,29.0,63.0
758,767,7.81466,5.364321,0.75141,62.91,63.0,0.28618176042508375,62.0,63.0
759,768,7.753973,5.391413,0.43488,62.7,63.0,0.5916079783099615,59.0,63.0
760,769,6.61941,3.30945,1.06828,62.7,63.0,0.5916079783099615,59.0,63.0
761,770,6.616169,3.331314,0.756,45.43,49.0,15.726573053275148,17.0,63.0
762,771,6.470467,3.343744,1.11088,56.26,60.0,8.457682897815452,31.0,63.0
763,772,6.459342,3.348361,1.268655,41.77,44.5,15.117443566952714,11.0,63.0
764,773,6.442687,3.336106,1.25464,62.77,63.0,0.6760917097554148,58.0,63.0
765,774,6.638924,3.252902,1.576355,9.81,9.0,3.1359049730500446,5.0,16.0
766,775,6.617081,3.295842,1.36,1.4,0.0,2.3790754506740637,0.0,7.0
767,776,6.575455,3.279536,1.575805,51.04,56.0,12.413637661862055,21.0,63.0
768,777,6.57413,3.285036,1.48019,4.0,5.5,2.939387691339814,0.0,8.0
769,778,6.548487,3.215624,1.32367,61.39,63.0,3.5549824190845167,40.0,63.0
770,779,6.502339,3.270671,1.426,61.58,63.0,4.254832546646225,38.0,63.0
771,780,6.447588,3.251606,2.10885,63.0,63.0,0.0,63.0,63.0
772,781,6.463513,3.352559,1.20072,8.07,8.0,2.131924013655271,5.0,14.0
773,782,6.500041,2.938151,0.430955,45.67,47.0,12.907404851479635,18.0,63.0
774,783,6.64994,3.910928,0.44336,47.95,53.5,15.860879546859943,18.0,63.0
775,784,6.438933,3.456276,1.41525,53.61,62.0,13.006840507978868,21.0,63.0
776,785,6.445026,3.88153,0.7679,60.21,63.0,5.980459848540077,39.0,63.0
777,786,6.664309,3.319716,1.4496,59.61,63.0,6.709537987074818,28.0,63.0
778,787,6.639023,3.340625,1.22411,57.32,63.0,9.49197555833347,30.0,63.0
779,788,6.592214,3.320447,1.34742,62.18,63.0,2.4140422531513406,50.0,63.0
780,789,6.670126,3.678613,0.79485,63.0,63.0,0.0,63.0,63.0
781,790,6.609875,3.519448,1.22412,61.94,63.0,2.652621345009498,52.0,63.0
782,791,6.635127,3.389213,1.33268,42.23,41.0,13.692227722324809,14.0,63.0
783,792,6.59129,3.392553,1.2697,43.07,43.5,11.756917112916975,17.0,62.0
784,793,6.565796,3.375848,2.50235,37.29,40.0,15.768509758376029,9.0,62.0
785,794,6.461548,3.390604,0.72363,63.0,63.0,0.0,63.0,63.0
786,795,6.505343,3.38247,1.624675,62.99,63.0,0.09949874371066203,62.0,63.0
787,796,6.475143,3.368449,0.83726,62.31,63.0,1.8851790365904242,52.0,63.0
788,797,6.533927,3.344542,1.34245,52.46,62.0,14.396124478483783,21.0,63.0
789,798,6.549926,3.363395,1.233415,59.66,63.0,6.639608422188767,39.0,63.0
790,799,6.512886,3.204782,1.652205,61.89,63.0,2.749163509142372,50.0,63.0
791,800,6.472924,3.16322,1.294325,63.0,63.0,0.0,63.0,63.0
792,801,6.452499,3.212518,1.13726,39.15,41.0,13.870382114419197,9.0,60.0
793,802,6.556822,3.342548,1.293135,39.71,40.5,12.875787354565933,11.0,60.0
794,803,6.536668,3.33509,1.36774,39.54,41.0,13.359955089744878,9.0,60.0
795,804,6.537999,3.28938,1.34789,5.8,7.0,2.95296461204668,0.0,10.0
796,805,6.530499,3.389973,1.27558,56.42,61.0,9.395935291390632,28.0,63.0
797,806,6.529581,3.377936,1.89057,3.09,0.0,3.6772136190327593,0.0,12.0
798,807,6.499322,3.366342,1.45398,0.0,0.0,0.0,0.0,0.0
799,808,6.480618,3.337885,1.21057,10.3,8.0,4.990991885387111,5.0,25.0
800,809,7.16204,3.333034,0.78305,4.01,6.0,2.7981958473273454,0.0,7.0
801,810,7.147947,3.352908,0.94839,59.75,63.0,5.481559996935179,38.0,63.0
802,811,7.157334,3.339715,0.87688,30.56,29.0,14.252241928903679,10.0,60.0
803,812,6.577926,2.924615,0.39081,0.0,0.0,0.0,0.0,0.0
804,813,6.676534,3.240034,1.04842,0.0,0.0,0.0,0.0,0.0
805,814,7.048393,3.016593,-0.1431,21.86,19.0,11.138240435544565,7.0,46.0
806,815,6.808987,2.837764,-0.15629,4.89,5.0,4.630107990101312,0.0,15.0
807,816,6.681234,2.999482,0.5467,8.04,7.0,2.716321041408765,5.0,15.0
808,817,6.899918,3.107896,0.21444,11.29,10.5,4.0032361908835705,0.0,25.0
809,818,6.686471,3.296167,1.009975,1.39,0.0,2.6377831601555126,0.0,8.0
810,819,6.728114,3.36957,0.80016,3.93,5.0,2.665539345048202,0.0,7.0
811,820,6.705212,4.27012,-0.53176,0.0,0.0,0.0,0.0,0.0
812,821,6.68156,4.203928,-0.20803,4.31,6.0,2.8238094836585557,0.0,8.0
813,822,6.821738,3.899622,0.73143,7.57,7.0,2.155249405521319,5.0,16.0
814,823,6.896378,3.741044,0.48516,35.69,35.5,15.172801323420801,11.0,61.0
815,824,6.8612,3.705371,0.83399,17.92,15.0,10.057514603519103,5.0,45.0
816,825,6.902288,3.660126,0.70061,8.32,8.0,3.9468468427340833,0.0,16.0
817,826,7.456658,2.851144,-0.01906,0.0,0.0,0.0,0.0,0.0
818,827,6.496145,2.81568,-0.50023,5.08,6.0,3.431267987202398,0.0,10.0
819,828,6.964376,3.382977,-0.4189,9.43,8.0,7.192016407100307,0.0,29.0
820,829,6.718104,3.861782,0.35288,33.37,33.0,14.485617004463426,9.0,59.0
821,830,6.736863,3.585146,-0.66685,30.71,29.0,15.337075992509133,6.0,59.0
822,831,6.700079,3.497507,0.91239,29.79,27.5,16.422116185193673,6.0,59.0
823,832,6.838489,3.637571,0.88914,0.0,0.0,0.0,0.0,0.0
824,833,7.518813,5.748877,0.87161,6.0,6.0,1.47648230602334,0.0,8.0
825,834,7.592851,5.665532,0.36642,0.0,0.0,0.0,0.0,0.0
826,835,7.470266,5.725928,0.89841,2.09,0.0,2.9397108701367216,0.0,7.0
827,836,7.272634,5.266349,1.102345,0.25,0.0,1.0897247358851685,0.0,5.0
828,837,7.268224,5.203634,1.17219,30.17,29.0,12.085574045116765,12.0,51.0
829,838,7.25022,5.217353,1.89518,0.0,0.0,0.0,0.0,0.0
830,839,7.223512,5.186448,1.027835,0.0,0.0,0.0,0.0,0.0
831,840,6.348133,4.965202,-0.685745,2.86,0.0,4.249752933995104,0.0,13.0
832,841,6.077157,4.916499,-0.86176,0.05,0.0,0.4974937185533101,0.0,5.0
833,842,6.190728,4.864858,-0.86142,0.0,0.0,0.0,0.0,0.0
834,843,7.31722,5.068757,0.11136,1.99,0.0,2.8652923062054243,0.0,7.0
835,844,6.17057,4.787601,-0.00075,16.74,16.0,10.079305531632624,0.0,40.0
836,845,5.943781,4.970736,-0.19523,0.0,0.0,0.0,0.0,0.0
837,846,7.352285,4.796001,-0.30073,0.0,0.0,0.0,0.0,0.0
838,847,7.312327,4.950901,-0.47101,0.77,0.0,1.9175765956018551,0.0,6.0
839,848,7.231393,4.88692,1.1856,8.81,9.0,4.985368592190551,0.0,19.0
840,849,6.826696,4.998707,-0.597635,0.12,0.0,0.8400000000000001,0.0,6.0
841,850,6.899357,4.877271,0.263185,12.25,11.0,4.972675336275233,0.0,24.0
842,851,6.588964,4.742865,0.53468,1.36,0.0,2.70377513857939,0.0,10.0
843,852,7.08376,4.841296,0.78511,1.09,0.0,2.6649390236926624,0.0,10.0
844,853,6.991184,5.737863,-0.22838,4.95,6.0,4.8401962770119145,0.0,15.0
845,854,6.813019,5.56284,0.186365,15.96,13.0,10.84704568073722,0.0,39.0
846,855,7.302465,5.844572,0.58838,0.18,0.0,1.023523326553919,0.0,6.0
847,856,7.206989,5.57933,0.87243,20.92,21.0,9.562091821353736,0.0,39.0
848,857,7.936112,4.842134,0.19577,7.58,8.0,4.404951759100206,0.0,17.0
849,858,7.737596,4.438466,0.26789,0.22,0.0,1.0824047302187847,0.0,6.0
850,859,7.77974,4.363719,-0.05153,8.25,8.0,2.8084693339967237,0.0,14.0
851,860,7.844756,4.322826,0.32039,0.78,0.0,2.027708065772783,0.0,7.0
852,861,7.909457,4.32279,0.61035,0.0,0.0,0.0,0.0,0.0
853,862,7.523577,4.548636,1.19966,8.09,8.0,5.533705810756477,0.0,21.0
854,863,7.284158,4.573843,-0.20198,10.49,9.0,8.385099880144542,0.0,29.0
855,864,7.472071,4.543945,0.81054,10.76,9.0,6.838303883273982,0.0,29.0
856,865,7.533836,4.456969,0.56521,14.69,14.0,8.494345177822714,0.0,43.0
857,866,7.422674,4.423452,-0.72835,11.34,11.0,7.365079768746568,0.0,26.0
858,867,7.507132,4.444926,0.62001,7.03,7.0,6.020722548000365,0.0,20.0
859,868,7.226806,4.6323,-0.30756,11.22,9.0,6.1685978957944725,0.0,26.0
860,869,7.943531,4.975165,0.53014,1.04,0.0,2.3996666435153022,0.0,8.0
861,870,7.927627,4.647344,1.262075,30.07,26.0,15.936909989078812,6.0,58.0
862,871,7.598018,4.754377,0.90492,15.02,10.0,14.36939803888806,0.0,56.0
863,872,7.626785,4.781214,1.23568,0.6,0.0,1.714642819948225,0.0,6.0
864,873,7.820349,4.476174,0.76548,24.48,23.0,10.616477758654232,7.0,49.0
865,874,7.851938,4.489835,0.69736,16.68,16.0,9.047518996940543,0.0,36.0
866,875,7.370054,4.191196,0.52129,0.0,0.0,0.0,0.0,0.0
867,876,7.630006,4.187176,0.28026,13.59,9.0,9.571932929142367,5.0,43.0
868,877,7.757198,4.895896,0.36348,20.91,18.0,12.081469281507113,6.0,48.0
869,878,7.788361,4.570694,1.2327,54.6,58.0,7.280109889280518,33.0,62.0
870,879,7.817645,4.58984,1.215695,50.19,53.0,9.887057196152957,21.0,61.0
871,880,7.464924,4.890661,0.3187,56.54,58.5,5.339325800136193,38.0,62.0
872,881,7.487044,3.921865,1.26588,52.54,57.0,9.688570586004936,23.0,62.0
873,882,7.852112,3.93718,1.04161,40.38,40.5,14.09310469697859,8.0,62.0
874,883,8.407709,3.361593,0.21048,57.19,59.0,4.513745672941709,41.0,62.0
875,884,7.444895,4.012999,0.5876,0.0,0.0,0.0,0.0,0.0
876,885,7.400486,4.004473,1.06359,0.0,0.0,0.0,0.0,0.0
877,886,7.399073,3.884338,0.77093,0.0,0.0,0.0,0.0,0.0
878,887,7.394563,3.938887,1.06698,8.36,8.0,6.655103304983327,0.0,23.0
879,888,7.376449,3.903099,0.72301,0.0,0.0,0.0,0.0,0.0
880,889,7.35467,3.898075,0.981755,0.78,0.0,2.027708065772783,0.0,7.0
881,890,7.378865,3.823142,1.545725,13.59,12.0,8.74767969235271,0.0,32.0
882,891,7.379535,3.902973,0.73205,40.71,41.5,13.696200202976007,15.0,60.0
883,892,7.566977,3.151428,-0.39265,45.0,47.0,12.561050911448453,18.0,61.0
884,893,7.697898,3.184577,0.37367,0.0,0.0,0.0,0.0,0.0
885,894,8.967464,3.80655,-0.935,0.0,0.0,0.0,0.0,0.0
886,895,7.961424,3.591342,0.54036,0.0,0.0,0.0,0.0,0.0
887,896,8.15526,3.401223,-0.7723,5.03,0.0,6.285626460425405,0.0,19.0
