,cluster,latitude,longitude,wealth_index,mean_light,median_light,std_light,min_light,max_light
0,1,-2.532818,29.684726,-0.531405,0.0,0.0,0.0,0.0,0.0
1,2,-1.833858,30.310689,-0.40983,0.0,0.0,0.0,0.0,0.0
2,3,-1.888155,29.478298,-0.478115,0.0,0.0,0.0,0.0,0.0
3,4,-2.366763,30.521692,-0.43596,0.0,0.0,0.0,0.0,0.0
4,5,-2.171266,30.018541,-0.44948,0.0,0.0,0.0,0.0,0.0
5,6,-2.036917,30.114591,-0.11265,0.0,0.0,0.0,0.0,0.0
6,7,-1.768636,29.799135,-0.39962,4.53,5.0,3.6399313180333497,0.0,11.0
7,8,-1.769425,29.967649,-0.19558,0.0,0.0,0.0,0.0,0.0
8,9,-1.974834,30.111135,2.39554,0.0,0.0,0.0,0.0,0.0
9,10,-2.038221,30.310015,0.05646,0.0,0.0,0.0,0.0,0.0
10,11,-2.021018,30.651838,-0.233975,0.0,0.0,0.0,0.0,0.0
11,12,-2.212707,29.921206,-0.45845,0.0,0.0,0.0,0.0,0.0
12,13,-2.22724,29.413435,-0.643445,0.0,0.0,0.0,0.0,0.0
13,14,-1.912341,29.512758,-0.50153,0.0,0.0,0.0,0.0,0.0
14,15,-1.997883,29.631617,-0.49069,0.0,0.0,0.0,0.0,0.0
15,16,-2.072847,30.824889,-0.54898,0.18,0.0,0.8986656775464388,0.0,6.0
16,17,-2.116178,29.813837,-0.41252,0.0,0.0,0.0,0.0,0.0
17,18,-1.719926,29.555812,-0.41903,0.0,0.0,0.0,0.0,0.0
18,19,-2.193395,30.012104,-0.38006,0.0,0.0,0.0,0.0,0.0
19,20,-2.372858,29.704832,-0.46062,0.0,0.0,0.0,0.0,0.0
20,21,-2.191645,29.290962,-0.266005,0.0,0.0,0.0,0.0,0.0
21,22,-2.267461,29.815544,-0.275315,0.0,0.0,0.0,0.0,0.0
22,23,-1.984298,30.124576,3.14126,0.0,0.0,0.0,0.0,0.0
23,24,-1.640578,29.322453,-0.4128,0.0,0.0,0.0,0.0,0.0
24,25,-1.41364,29.73784,-0.39372,0.0,0.0,0.0,0.0,0.0
25,26,-1.355377,30.414937,0.08756,0.0,0.0,0.0,0.0,0.0
26,27,-1.670937,29.35863,-0.53943,0.0,0.0,0.0,0.0,0.0
27,28,-1.64984,29.618431,-0.49357,2.4,0.0,3.4234485537247377,0.0,13.0
28,29,-1.957099,30.056542,2.215415,0.0,0.0,0.0,0.0,0.0
29,30,-1.65317,30.391795,-0.385275,0.0,0.0,0.0,0.0,0.0
30,31,-1.928112,29.606201,-0.380515,0.0,0.0,0.0,0.0,0.0
31,32,-1.807319,30.195201,-0.23178,0.0,0.0,0.0,0.0,0.0
32,33,-1.860849,30.288849,0.19917,0.0,0.0,0.0,0.0,0.0
33,34,-1.59673,29.383047,-0.555805,0.0,0.0,0.0,0.0,0.0
34,35,-2.243706,30.545879,-0.38261,0.0,0.0,0.0,0.0,0.0
35,36,-1.429948,30.295583,-0.32845,0.0,0.0,0.0,0.0,0.0
36,37,-2.585717,29.667567,-0.35604,0.0,0.0,0.0,0.0,0.0
37,38,-1.224948,30.414024,-0.03633,0.0,0.0,0.0,0.0,0.0
38,39,-1.407318,30.255418,-0.167385,0.0,0.0,0.0,0.0,0.0
39,40,-2.644809,29.625657,-0.44719,0.0,0.0,0.0,0.0,0.0
40,41,-2.154319,29.592663,-0.492,0.0,0.0,0.0,0.0,0.0
41,42,-2.119264,30.591072,-0.007955,0.0,0.0,0.0,0.0,0.0
42,43,-2.65403,29.490941,-0.5277,0.0,0.0,0.0,0.0,0.0
43,44,-1.842713,29.96173,-0.19927,0.16,0.0,0.9134549797335387,0.0,6.0
44,45,-1.635746,30.134193,-0.373225,0.0,0.0,0.0,0.0,0.0
45,46,-1.981685,30.091802,1.860625,0.0,0.0,0.0,0.0,0.0
46,47,-2.766533,29.442456,-0.66092,0.0,0.0,0.0,0.0,0.0
47,48,-1.911204,29.688088,-0.34676,0.0,0.0,0.0,0.0,0.0
48,49,-1.820759,29.310801,-0.36711,0.0,0.0,0.0,0.0,0.0
49,50,-1.522252,29.97244,-0.39113,0.0,0.0,0.0,0.0,0.0
50,51,-1.735648,30.350218,-0.42701,0.0,0.0,0.0,0.0,0.0
51,52,-1.896964,30.078518,2.70197,0.0,0.0,0.0,0.0,0.0
52,53,-2.253763,29.818389,-0.61453,0.0,0.0,0.0,0.0,0.0
53,54,-2.660312,29.488456,-0.58252,0.0,0.0,0.0,0.0,0.0
54,55,-2.036321,30.567216,-0.30881,0.0,0.0,0.0,0.0,0.0
55,56,-1.944695,30.027642,2.349945,0.0,0.0,0.0,0.0,0.0
56,57,-1.941357,30.117212,1.70097,0.0,0.0,0.0,0.0,0.0
57,58,-1.506785,29.937149,-0.27617,0.0,0.0,0.0,0.0,0.0
58,59,-1.724432,30.446297,-0.366825,0.0,0.0,0.0,0.0,0.0
59,60,-1.680382,29.265095,2.667715,0.0,0.0,0.0,0.0,0.0
60,61,-2.384913,30.130896,-0.07593,0.0,0.0,0.0,0.0,0.0
61,62,-1.663928,30.03893,-0.44492,0.0,0.0,0.0,0.0,0.0
62,63,-1.382059,30.186242,-0.31336,0.0,0.0,0.0,0.0,0.0
63,64,-1.464185,30.188365,-0.242095,0.0,0.0,0.0,0.0,0.0
64,65,-2.275269,30.632707,-0.179475,0.0,0.0,0.0,0.0,0.0
65,66,-1.604421,29.663306,-0.42851,0.0,0.0,0.0,0.0,0.0
66,67,-1.69445,29.29384,-0.340905,0.0,0.0,0.0,0.0,0.0
67,68,-1.40633,30.061457,-0.247665,0.0,0.0,0.0,0.0,0.0
68,69,-2.619375,29.520306,-0.3745,0.0,0.0,0.0,0.0,0.0
69,70,-1.961753,30.148305,2.24541,0.0,0.0,0.0,0.0,0.0
70,71,-1.532891,29.896194,-0.44135,0.0,0.0,0.0,0.0,0.0
71,72,-1.677144,29.300913,-0.577145,0.0,0.0,0.0,0.0,0.0
72,73,-1.525402,29.393545,-0.40432,0.0,0.0,0.0,0.0,0.0
73,74,-1.699055,29.750063,-0.430845,0.2,0.0,0.9899494936611665,0.0,6.0
74,75,-2.281564,29.67166,-0.424585,0.0,0.0,0.0,0.0,0.0
75,76,-1.984379,30.114562,3.1974,0.0,0.0,0.0,0.0,0.0
76,77,-1.826279,29.500459,-0.5743,0.0,0.0,0.0,0.0,0.0
77,78,-1.873284,29.402976,-0.54728,0.0,0.0,0.0,0.0,0.0
78,79,-2.196906,29.705179,-0.306075,0.0,0.0,0.0,0.0,0.0
79,80,-1.919394,30.063068,2.420615,0.0,0.0,0.0,0.0,0.0
80,81,-2.32428,29.24687,-0.32712,0.0,0.0,0.0,0.0,0.0
81,82,-2.156734,29.58157,-0.47526,0.0,0.0,0.0,0.0,0.0
82,83,-2.543825,29.487188,-0.604045,0.0,0.0,0.0,0.0,0.0
83,84,-2.24475,30.369448,-0.46489,0.31,0.0,1.2385071659057934,0.0,6.0
84,85,-2.762775,29.682687,-0.63728,0.0,0.0,0.0,0.0,0.0
85,86,-1.6394,29.386458,-0.19482,0.0,0.0,0.0,0.0,0.0
86,87,-1.977328,30.072169,2.00301,0.0,0.0,0.0,0.0,0.0
87,88,-1.95365,30.139626,2.779135,0.0,0.0,0.0,0.0,0.0
88,89,-2.474959,29.838132,-0.44199,0.0,0.0,0.0,0.0,0.0
89,90,-2.428076,29.462497,-0.6447,0.0,0.0,0.0,0.0,0.0
90,91,-2.357266,29.802312,-0.433545,0.0,0.0,0.0,0.0,0.0
91,92,-1.559758,29.558065,-0.369395,1.2,0.0,2.5337718918639855,0.0,10.0
92,93,-1.631198,30.363397,-0.23469,0.0,0.0,0.0,0.0,0.0
93,94,-2.104501,29.436317,-0.447865,0.0,0.0,0.0,0.0,0.0
94,95,-2.208816,29.628509,-0.38404,0.0,0.0,0.0,0.0,0.0
95,96,-1.79213,29.624638,-0.43945,0.0,0.0,0.0,0.0,0.0
96,97,-1.595625,29.571792,-0.496245,3.99,4.0,4.104862969698258,0.0,13.0
97,98,-1.919092,30.580089,-0.43298,0.0,0.0,0.0,0.0,0.0
98,99,-1.968977,30.063375,1.252685,0.0,0.0,0.0,0.0,0.0
99,100,-2.089516,29.390751,-0.39515,0.0,0.0,0.0,0.0,0.0
100,101,-2.660932,29.833817,-0.39961,0.0,0.0,0.0,0.0,0.0
101,102,-2.466248,29.780193,-0.58809,0.0,0.0,0.0,0.0,0.0
102,103,-1.941192,29.879028,-0.26456,0.58,0.0,1.7617037208338981,0.0,7.0
103,104,-2.189393,29.376622,-0.45561,0.0,0.0,0.0,0.0,0.0
104,105,-2.576043,29.741134,-0.787645,0.0,0.0,0.0,0.0,0.0
105,106,-2.27699,29.801138,-0.4556,0.0,0.0,0.0,0.0,0.0
106,107,-1.940151,30.144472,3.33664,0.0,0.0,0.0,0.0,0.0
107,108,-2.106086,29.896746,-0.36841,0.0,0.0,0.0,0.0,0.0
108,109,-1.693164,29.370811,-0.630245,0.0,0.0,0.0,0.0,0.0
109,110,-1.099347,30.414611,-0.22189,0.0,0.0,0.0,0.0,0.0
110,111,-1.978592,30.061431,2.24166,0.0,0.0,0.0,0.0,0.0
111,112,-1.688129,30.076672,-0.374865,0.0,0.0,0.0,0.0,0.0
112,113,-2.709533,29.472353,-0.54409,0.0,0.0,0.0,0.0,0.0
113,114,-2.040137,30.029044,-0.079745,0.0,0.0,0.0,0.0,0.0
114,115,-1.723058,29.505491,0.77875,0.0,0.0,0.0,0.0,0.0
115,116,-1.844282,29.411107,-0.37708,0.0,0.0,0.0,0.0,0.0
116,117,-2.507886,29.090533,-0.411275,0.0,0.0,0.0,0.0,0.0
117,118,-2.139863,29.690493,-0.35406,0.0,0.0,0.0,0.0,0.0
118,119,-1.505122,30.218895,-0.407315,0.0,0.0,0.0,0.0,0.0
119,120,-1.774679,30.154405,-0.35844,0.0,0.0,0.0,0.0,0.0
120,121,-1.940534,30.055079,1.30537,0.0,0.0,0.0,0.0,0.0
121,122,-1.585452,30.309967,0.572205,0.0,0.0,0.0,0.0,0.0
122,123,-2.515693,29.646142,-0.479895,0.0,0.0,0.0,0.0,0.0
123,124,-1.768044,30.163513,-0.401235,0.0,0.0,0.0,0.0,0.0
124,125,-2.305046,30.628462,-0.27022,0.0,0.0,0.0,0.0,0.0
125,126,-1.486921,29.488298,-0.560705,2.99,0.0,3.3151018083914106,0.0,12.0
126,127,-1.555831,29.883326,-0.57474,0.0,0.0,0.0,0.0,0.0
127,128,-1.501343,29.63039,1.28826,0.0,0.0,0.0,0.0,0.0
128,129,-2.19057,29.944765,-0.3479,0.0,0.0,0.0,0.0,0.0
129,130,-2.711069,29.728344,-0.59506,0.0,0.0,0.0,0.0,0.0
130,131,-1.990186,30.098831,2.64246,0.0,0.0,0.0,0.0,0.0
131,132,-1.859734,29.79074,-0.260125,0.28,0.0,1.1142710621747296,0.0,5.0
132,133,-1.554227,29.923283,-0.44385,0.0,0.0,0.0,0.0,0.0
133,134,-1.974412,30.089289,1.92084,0.0,0.0,0.0,0.0,0.0
134,135,-1.679763,29.704893,-0.40931,0.19,0.0,0.934826187052973,0.0,5.0
135,136,-1.877191,29.313049,-0.29763,0.0,0.0,0.0,0.0,0.0
136,137,-1.53765,29.626807,-0.31063,0.08,0.0,0.5599999999999998,0.0,4.0
137,138,-1.681372,29.321231,-0.46111,0.0,0.0,0.0,0.0,0.0
138,139,-1.583996,29.814668,-0.51493,0.0,0.0,0.0,0.0,0.0
139,140,-2.449083,29.398886,-0.55042,0.0,0.0,0.0,0.0,0.0
140,141,-1.627679,29.362558,-0.504985,0.0,0.0,0.0,0.0,0.0
141,142,-2.130811,29.677116,-0.451445,0.0,0.0,0.0,0.0,0.0
142,143,-2.550852,29.849937,-0.12763,0.0,0.0,0.0,0.0,0.0
143,144,-2.021185,29.713286,-0.42015,0.0,0.0,0.0,0.0,0.0
144,145,-2.05891,30.375953,-0.12519,0.0,0.0,0.0,0.0,0.0
145,146,-1.965807,30.221206,0.974485,0.0,0.0,0.0,0.0,0.0
146,147,-1.958832,30.527585,-0.31329,0.0,0.0,0.0,0.0,0.0
147,148,-1.547463,29.6574,-0.366345,0.0,0.0,0.0,0.0,0.0
148,149,-1.789266,30.177475,-0.334985,0.0,0.0,0.0,0.0,0.0
149,150,-2.452764,29.573641,-0.96732,0.0,0.0,0.0,0.0,0.0
150,151,-2.400068,28.995509,-0.37203,0.0,0.0,0.0,0.0,0.0
151,152,-1.597761,29.969942,-0.48619,0.0,0.0,0.0,0.0,0.0
152,153,-1.726329,29.499088,-0.41968,0.0,0.0,0.0,0.0,0.0
153,154,-1.850826,29.340078,-0.39344,0.0,0.0,0.0,0.0,0.0
154,155,-2.159884,30.033763,-0.49119,0.0,0.0,0.0,0.0,0.0
155,156,-2.589906,28.970809,-0.45831,0.0,0.0,0.0,0.0,0.0
156,157,-1.552253,29.755848,-0.24608,0.0,0.0,0.0,0.0,0.0
157,158,-2.298738,29.74197,-0.91836,0.0,0.0,0.0,0.0,0.0
158,159,-1.827347,30.235609,-0.246115,0.0,0.0,0.0,0.0,0.0
159,160,-1.361823,30.28163,-0.2184,0.0,0.0,0.0,0.0,0.0
160,161,-1.995445,29.41455,-0.31482,0.0,0.0,0.0,0.0,0.0
161,162,-1.927856,29.604681,-0.48981,0.0,0.0,0.0,0.0,0.0
162,163,-1.777182,30.044029,-0.27311,0.0,0.0,0.0,0.0,0.0
163,164,-2.752702,29.495145,-0.49768,0.0,0.0,0.0,0.0,0.0
164,165,-1.992365,30.31009,-0.1627,0.0,0.0,0.0,0.0,0.0
165,166,-1.949591,30.440808,2.19107,0.0,0.0,0.0,0.0,0.0
166,167,-2.387603,29.067239,-0.18182,0.0,0.0,0.0,0.0,0.0
167,168,-1.937687,30.047714,2.4126,0.0,0.0,0.0,0.0,0.0
168,169,-1.697388,29.637663,-0.35969,1.84,0.0,2.6104405758415568,0.0,7.0
169,170,-2.260028,30.199794,-0.231235,0.0,0.0,0.0,0.0,0.0
170,171,-2.485561,28.926768,0.002855,0.0,0.0,0.0,0.0,0.0
171,172,-1.100359,30.389542,-0.24251,0.0,0.0,0.0,0.0,0.0
172,173,-1.95637,30.104393,2.15909,0.0,0.0,0.0,0.0,0.0
173,174,-2.416729,29.532057,-0.56477,0.0,0.0,0.0,0.0,0.0
174,175,-1.918798,30.449934,-0.12552,0.0,0.0,0.0,0.0,0.0
175,176,-1.637594,29.633267,-0.50591,1.65,0.0,2.5860201081971494,0.0,8.0
176,177,-1.782677,30.080122,-0.20199,0.0,0.0,0.0,0.0,0.0
177,178,-2.116101,30.450414,-0.43075,0.0,0.0,0.0,0.0,0.0
178,179,-2.206809,29.819907,-0.652175,0.0,0.0,0.0,0.0,0.0
179,180,-1.756319,29.582376,-0.34581,0.0,0.0,0.0,0.0,0.0
180,181,-2.607346,29.229031,-0.42192,0.0,0.0,0.0,0.0,0.0
181,182,-2.434632,29.787211,-0.4494,0.0,0.0,0.0,0.0,0.0
182,183,-1.439182,29.710516,-0.42233,0.0,0.0,0.0,0.0,0.0
183,184,-2.099755,30.481972,-0.31204,0.0,0.0,0.0,0.0,0.0
184,185,-1.956045,30.287383,-0.23937,0.0,0.0,0.0,0.0,0.0
185,186,-2.587721,29.768941,-0.431305,0.0,0.0,0.0,0.0,0.0
186,187,-1.43971,30.322471,0.164725,0.0,0.0,0.0,0.0,0.0
187,188,-1.975029,29.927419,-0.255225,0.44,0.0,1.329059818066892,0.0,5.0
188,189,-2.338016,29.123901,-0.02544,0.0,0.0,0.0,0.0,0.0
189,190,-2.523384,29.022046,-0.26787,0.0,0.0,0.0,0.0,0.0
190,191,-1.72052,29.646694,-0.330275,1.22,0.0,2.33914514299562,0.0,7.0
191,192,-2.214713,30.727983,-0.402105,0.0,0.0,0.0,0.0,0.0
192,193,-1.970528,30.056039,2.48492,0.0,0.0,0.0,0.0,0.0
193,194,-1.85497,30.558896,-0.35602,0.0,0.0,0.0,0.0,0.0
194,195,-1.954061,30.077749,2.25449,0.0,0.0,0.0,0.0,0.0
195,196,-1.977357,30.058601,2.81979,0.0,0.0,0.0,0.0,0.0
196,197,-2.635716,29.715013,0.28436,0.0,0.0,0.0,0.0,0.0
197,198,-2.327561,29.047354,-0.43299,0.0,0.0,0.0,0.0,0.0
198,199,-1.963233,29.331311,-0.41624,0.0,0.0,0.0,0.0,0.0
199,200,-2.042049,29.812083,-0.393395,0.0,0.0,0.0,0.0,0.0
200,201,-1.441507,30.422287,-0.275825,0.0,0.0,0.0,0.0,0.0
201,202,-1.836542,30.095517,-0.30193,0.0,0.0,0.0,0.0,0.0
202,203,-2.32237,30.509814,-0.384875,0.91,0.0,2.588802812112193,0.0,12.0
203,204,-2.525109,28.921811,-0.423375,0.0,0.0,0.0,0.0,0.0
204,205,-1.358829,29.813962,-0.32099,0.0,0.0,0.0,0.0,0.0
205,206,-1.955189,30.011056,1.00952,0.0,0.0,0.0,0.0,0.0
206,207,-2.371748,29.585916,-0.44551,0.0,0.0,0.0,0.0,0.0
207,208,-1.67449,29.559536,-0.41358,0.47,0.0,1.5195723082499235,0.0,7.0
208,209,-2.16145,29.254779,-0.425215,0.0,0.0,0.0,0.0,0.0
209,210,-2.213988,30.59361,-0.33251,0.0,0.0,0.0,0.0,0.0
210,211,-2.188292,29.774608,-0.81199,0.0,0.0,0.0,0.0,0.0
211,212,-1.932437,30.485088,-0.59847,0.0,0.0,0.0,0.0,0.0
212,213,-2.360084,29.751587,0.90066,0.0,0.0,0.0,0.0,0.0
213,214,-1.99905,30.545979,0.35544,0.0,0.0,0.0,0.0,0.0
214,215,-2.238794,29.370061,-0.422745,0.0,0.0,0.0,0.0,0.0
215,216,-1.676138,29.872053,-0.40971,0.0,0.0,0.0,0.0,0.0
216,217,-1.436562,30.01549,-0.29124,0.0,0.0,0.0,0.0,0.0
217,218,-2.224453,30.731484,-0.181115,0.0,0.0,0.0,0.0,0.0
218,219,-2.733294,29.569965,-0.62031,0.0,0.0,0.0,0.0,0.0
219,220,-2.545912,29.608434,-0.4931,0.0,0.0,0.0,0.0,0.0
220,221,-2.760754,29.849705,-0.614755,0.0,0.0,0.0,0.0,0.0
221,222,-1.297459,30.242161,-0.23881,0.0,0.0,0.0,0.0,0.0
222,223,-2.083065,29.756049,1.32605,0.0,0.0,0.0,0.0,0.0
223,224,-2.226654,30.421977,-0.27751,0.14,0.0,0.8002499609497024,0.0,5.0
224,225,-2.149959,30.850353,-0.46649,0.0,0.0,0.0,0.0,0.0
225,226,-2.287563,30.117009,-0.315615,0.0,0.0,0.0,0.0,0.0
226,227,-1.526805,29.577855,-0.499155,0.0,0.0,0.0,0.0,0.0
227,228,-2.183866,30.180127,-0.173435,2.43,0.0,5.505006811984886,0.0,27.0
228,229,-2.661043,29.795864,-0.63163,0.0,0.0,0.0,0.0,0.0
229,230,-2.057712,29.909006,-0.37001,0.0,0.0,0.0,0.0,0.0
230,231,-1.975464,30.088097,1.80585,0.0,0.0,0.0,0.0,0.0
231,232,-2.276934,30.036967,-0.38755,0.0,0.0,0.0,0.0,0.0
232,233,-1.606749,30.427247,-0.22832,0.0,0.0,0.0,0.0,0.0
233,234,-2.789598,29.744879,-0.68306,0.0,0.0,0.0,0.0,0.0
234,235,-1.949707,30.111272,2.968225,0.0,0.0,0.0,0.0,0.0
235,236,-1.869571,29.710591,-0.38766,0.0,0.0,0.0,0.0,0.0
236,237,-2.262296,29.877543,-0.47738,0.0,0.0,0.0,0.0,0.0
237,238,-2.235567,30.535659,-0.0885,0.0,0.0,0.0,0.0,0.0
238,239,-1.728849,29.754761,-0.434955,1.03,0.0,2.463554342814462,0.0,10.0
239,240,-1.676442,30.137929,-0.3978,0.0,0.0,0.0,0.0,0.0
240,241,-2.658062,28.910435,-0.255355,0.0,0.0,0.0,0.0,0.0
241,242,-2.758512,29.662263,-0.59136,0.0,0.0,0.0,0.0,0.0
242,243,-1.826784,29.723557,-0.38467,0.0,0.0,0.0,0.0,0.0
243,244,-1.974003,30.041225,2.12848,0.0,0.0,0.0,0.0,0.0
244,245,-2.1252,29.467963,-0.36239,0.0,0.0,0.0,0.0,0.0
245,246,-2.08,29.690313,-0.455855,0.0,0.0,0.0,0.0,0.0
246,247,-1.396914,30.1187,-0.34507,0.0,0.0,0.0,0.0,0.0
247,248,-2.64997,29.888781,-0.62987,0.0,0.0,0.0,0.0,0.0
248,249,-2.596514,28.971476,-0.46531,0.0,0.0,0.0,0.0,0.0
249,250,-1.735861,30.00618,-0.44,0.0,0.0,0.0,0.0,0.0
250,251,-1.894967,30.051481,-0.20526,0.0,0.0,0.0,0.0,0.0
251,252,-1.993029,29.976325,-0.23927,0.13,0.0,0.7437069315261221,0.0,5.0
252,253,-1.487486,29.629335,-0.00794,0.0,0.0,0.0,0.0,0.0
253,254,-1.792265,30.482348,-0.06603,0.0,0.0,0.0,0.0,0.0
254,255,-1.553064,29.788937,-0.50996,0.0,0.0,0.0,0.0,0.0
255,256,-2.09954,30.622315,-0.24099,0.0,0.0,0.0,0.0,0.0
256,257,-1.638167,30.448602,-0.187745,0.0,0.0,0.0,0.0,0.0
257,258,-2.480914,28.913307,2.50211,0.0,0.0,0.0,0.0,0.0
258,259,-1.868541,30.586832,-0.24344,0.0,0.0,0.0,0.0,0.0
259,260,-1.574011,30.018136,-0.774805,0.0,0.0,0.0,0.0,0.0
260,261,-2.455755,29.429881,-0.631775,0.0,0.0,0.0,0.0,0.0
261,262,-2.180477,29.423007,-0.36802,0.0,0.0,0.0,0.0,0.0
262,263,-2.250716,30.811263,-0.23793,0.0,0.0,0.0,0.0,0.0
263,264,-1.936839,30.035471,2.350095,0.0,0.0,0.0,0.0,0.0
264,265,-1.972804,29.644635,-0.52447,0.0,0.0,0.0,0.0,0.0
265,266,-2.444893,29.584107,-0.55144,0.0,0.0,0.0,0.0,0.0
266,267,-2.21051,29.83616,-0.42073,0.0,0.0,0.0,0.0,0.0
267,268,-2.036767,29.975852,-0.37288,0.0,0.0,0.0,0.0,0.0
268,269,-2.497832,29.743853,-0.59495,0.0,0.0,0.0,0.0,0.0
269,270,-2.578438,29.772664,-0.40327,0.0,0.0,0.0,0.0,0.0
270,271,-2.107306,29.974036,-0.35731,0.0,0.0,0.0,0.0,0.0
271,272,-2.414607,28.954867,-0.580585,0.0,0.0,0.0,0.0,0.0
272,273,-2.11641,29.534499,-0.4158,0.0,0.0,0.0,0.0,0.0
273,274,-1.542048,30.148021,-0.49233,0.0,0.0,0.0,0.0,0.0
274,275,-2.278544,29.619121,-0.43692,0.0,0.0,0.0,0.0,0.0
275,276,-2.006624,30.179611,0.01353,0.0,0.0,0.0,0.0,0.0
276,277,-2.489807,29.62554,-0.543945,0.0,0.0,0.0,0.0,0.0
277,278,-2.523954,29.789264,-0.498905,0.0,0.0,0.0,0.0,0.0
278,279,-1.850256,29.364529,-0.35218,0.0,0.0,0.0,0.0,0.0
279,280,-2.357578,29.034794,-0.39716,0.0,0.0,0.0,0.0,0.0
280,281,-2.387753,29.141641,-0.332315,0.0,0.0,0.0,0.0,0.0
281,282,-1.407466,29.717139,-0.43422,0.0,0.0,0.0,0.0,0.0
282,283,-2.066574,30.510362,-0.22707,0.0,0.0,0.0,0.0,0.0
283,284,-2.075995,29.439541,-0.33247,0.0,0.0,0.0,0.0,0.0
284,285,-1.920057,29.453208,-0.50067,0.0,0.0,0.0,0.0,0.0
285,286,-2.316523,30.576136,-0.39013,0.0,0.0,0.0,0.0,0.0
286,287,-1.967409,29.404675,-0.320895,0.0,0.0,0.0,0.0,0.0
287,288,-1.569436,29.702884,-0.431485,0.0,0.0,0.0,0.0,0.0
288,289,-1.825845,30.143684,-0.35488,0.0,0.0,0.0,0.0,0.0
289,290,-1.879629,30.342756,-0.338035,0.0,0.0,0.0,0.0,0.0
290,291,-2.438728,28.903892,-0.429205,0.0,0.0,0.0,0.0,0.0
291,292,-2.217614,29.610967,-0.36339,0.0,0.0,0.0,0.0,0.0
292,293,-1.525719,29.831876,0.70122,0.0,0.0,0.0,0.0,0.0
293,294,-1.895365,30.485651,-0.03547,0.0,0.0,0.0,0.0,0.0
294,295,-2.323776,29.185491,-0.53221,0.0,0.0,0.0,0.0,0.0
295,296,-2.291395,29.163522,-0.538205,0.0,0.0,0.0,0.0,0.0
296,297,-1.995232,30.200461,0.959605,0.0,0.0,0.0,0.0,0.0
297,298,-2.179344,30.620858,-0.1635,0.0,0.0,0.0,0.0,0.0
298,299,-1.993737,30.511028,-0.37711,0.0,0.0,0.0,0.0,0.0
299,300,-1.319535,30.218336,-0.3192,0.0,0.0,0.0,0.0,0.0
300,301,-1.81395,29.84271,-0.24662,6.24,6.0,5.120781190404449,0.0,19.0
301,302,-1.72681,29.303076,0.302255,0.0,0.0,0.0,0.0,0.0
302,303,-1.951477,30.05303,2.31967,0.0,0.0,0.0,0.0,0.0
303,304,-1.756264,29.970729,-0.44288,0.0,0.0,0.0,0.0,0.0
304,305,-2.038559,30.365968,-0.291075,0.0,0.0,0.0,0.0,0.0
305,306,-1.817948,29.590006,-0.47963,0.0,0.0,0.0,0.0,0.0
306,307,-1.740335,29.665067,-0.46091,0.14,0.0,0.8002499609497024,0.0,5.0
307,308,-1.91576,30.103002,0.43183,0.0,0.0,0.0,0.0,0.0
308,309,-2.350317,29.680842,-1.05928,0.0,0.0,0.0,0.0,0.0
309,310,-1.927927,30.175814,-0.154715,0.0,0.0,0.0,0.0,0.0
310,311,-2.330726,29.916747,-0.42186,0.0,0.0,0.0,0.0,0.0
311,312,-1.71183,30.367698,-0.43099,0.0,0.0,0.0,0.0,0.0
312,313,-1.869094,29.804758,-0.17455,1.46,0.0,3.086810651789319,0.0,12.0
313,314,-1.611658,29.517243,-0.47909,0.79,0.0,1.935432768142567,0.0,7.0
314,315,-2.51733,29.758085,-0.421165,0.0,0.0,0.0,0.0,0.0
315,316,-2.279316,29.478823,-0.58023,0.0,0.0,0.0,0.0,0.0
316,317,-2.684591,29.850538,-0.498405,0.0,0.0,0.0,0.0,0.0
317,318,-2.69135,29.527073,-0.61488,0.0,0.0,0.0,0.0,0.0
318,319,-1.999938,29.886086,-0.39554,0.14,0.0,0.8002499609497022,0.0,5.0
319,320,-2.4814,29.779928,-0.568465,0.0,0.0,0.0,0.0,0.0
320,321,-1.898147,30.04978,0.40299,0.0,0.0,0.0,0.0,0.0
321,322,-1.647931,29.487905,-0.525015,0.0,0.0,0.0,0.0,0.0
322,323,-2.543066,29.454717,-0.516615,0.0,0.0,0.0,0.0,0.0
323,324,-2.404493,28.941822,-0.44002,0.0,0.0,0.0,0.0,0.0
324,325,-1.547196,30.046899,-0.32385,0.0,0.0,0.0,0.0,0.0
325,326,-1.523984,29.698213,-0.334285,0.0,0.0,0.0,0.0,0.0
326,327,-2.230972,30.83127,-0.2405,0.0,0.0,0.0,0.0,0.0
327,328,-2.376306,30.592224,-0.2294,0.0,0.0,0.0,0.0,0.0
328,329,-1.920349,30.074494,2.76322,0.0,0.0,0.0,0.0,0.0
329,330,-1.477276,30.260112,-0.27322,0.0,0.0,0.0,0.0,0.0
330,331,-2.159511,29.641706,-0.39614,0.0,0.0,0.0,0.0,0.0
331,332,-1.822141,29.636262,-0.4299,0.0,0.0,0.0,0.0,0.0
332,333,-1.631954,29.806688,-0.50936,0.0,0.0,0.0,0.0,0.0
333,334,-2.035534,29.419156,-0.557035,0.0,0.0,0.0,0.0,0.0
334,335,-1.37575,29.866844,-0.45419,0.0,0.0,0.0,0.0,0.0
335,336,-2.350536,29.777254,0.57939,0.0,0.0,0.0,0.0,0.0
336,337,-2.634768,29.710052,-0.333785,0.0,0.0,0.0,0.0,0.0
337,338,-1.728407,30.328502,-0.314345,0.0,0.0,0.0,0.0,0.0
338,339,-2.593723,29.013618,-0.34575,0.0,0.0,0.0,0.0,0.0
339,340,-1.929019,29.892945,-0.34319,2.12,0.0,2.8610487587596265,0.0,8.0
340,341,-1.90769,29.912656,-0.382225,2.7,0.0,3.080584360149873,0.0,8.0
341,342,-1.526269,29.62421,-0.368925,0.0,0.0,0.0,0.0,0.0
342,343,-2.594646,29.52377,-0.13848,0.0,0.0,0.0,0.0,0.0
343,344,-2.029782,30.246107,-0.03654,0.0,0.0,0.0,0.0,0.0
344,345,-1.657965,29.451026,-0.27234,0.0,0.0,0.0,0.0,0.0
345,346,-1.704489,29.8202,-0.46763,1.58,0.0,2.8850649906024644,0.0,10.0
346,347,-2.330626,29.456503,-0.59597,0.0,0.0,0.0,0.0,0.0
347,348,-2.573236,28.933981,-0.56284,0.0,0.0,0.0,0.0,0.0
348,349,-2.124417,30.304729,-0.44,0.0,0.0,0.0,0.0,0.0
349,350,-1.489671,29.923061,-0.277315,0.0,0.0,0.0,0.0,0.0
350,351,-1.610184,29.4579,0.067665,0.0,0.0,0.0,0.0,0.0
351,352,-2.800865,29.579655,-0.646105,0.0,0.0,0.0,0.0,0.0
352,353,-2.345122,29.637055,-0.45334,0.0,0.0,0.0,0.0,0.0
353,354,-2.202149,30.139568,-0.111515,8.71,5.0,10.765960245143022,0.0,39.0
354,355,-1.963772,30.032885,0.4399,0.0,0.0,0.0,0.0,0.0
355,356,-1.817924,29.518657,-0.54481,0.0,0.0,0.0,0.0,0.0
356,357,-2.54094,29.053524,-0.51741,0.0,0.0,0.0,0.0,0.0
357,358,-2.353186,29.828331,-0.50881,0.0,0.0,0.0,0.0,0.0
358,359,-2.052887,29.426793,-0.44019,0.0,0.0,0.0,0.0,0.0
359,360,-2.562947,29.057529,-0.54981,0.0,0.0,0.0,0.0,0.0
360,361,-1.696857,29.948877,-0.32879,0.0,0.0,0.0,0.0,0.0
361,362,-2.356264,29.396761,-0.565795,0.0,0.0,0.0,0.0,0.0
362,363,-2.138187,30.441904,-0.318705,0.0,0.0,0.0,0.0,0.0
363,364,-1.954886,30.366392,-0.16721,0.0,0.0,0.0,0.0,0.0
364,365,-2.054273,29.762236,-1.048935,0.0,0.0,0.0,0.0,0.0
365,366,-1.922246,29.821522,-0.328025,0.18,0.0,0.8874683092933515,0.0,5.0
366,367,-2.38806,29.258739,-0.38121,0.0,0.0,0.0,0.0,0.0
367,368,-1.986546,30.144486,0.73583,0.0,0.0,0.0,0.0,0.0
368,369,-1.805389,29.375352,-0.3549,0.0,0.0,0.0,0.0,0.0
369,370,-2.134998,30.477437,-0.30396,0.0,0.0,0.0,0.0,0.0
370,371,-1.668376,29.902769,-0.441275,0.0,0.0,0.0,0.0,0.0
371,372,-1.935941,30.687219,-0.4404,0.0,0.0,0.0,0.0,0.0
372,373,-1.980913,30.183944,1.062415,0.0,0.0,0.0,0.0,0.0
373,374,-1.843207,29.783921,-0.447555,0.09,0.0,0.6339558344238185,0.0,5.0
374,375,-2.003313,30.043979,0.92205,0.0,0.0,0.0,0.0,0.0
375,376,-2.450605,29.957955,-0.432935,0.0,0.0,0.0,0.0,0.0
376,377,-1.657813,29.557036,-0.394385,1.66,0.0,3.178741889490243,0.0,12.0
377,378,-1.657729,29.481978,-0.21552,0.0,0.0,0.0,0.0,0.0
378,379,-1.799602,30.358161,-0.46644,0.0,0.0,0.0,0.0,0.0
379,380,-1.992058,30.324192,-0.10305,0.0,0.0,0.0,0.0,0.0
380,381,-1.921521,30.0644,2.55636,0.0,0.0,0.0,0.0,0.0
381,382,-2.198356,29.948676,-0.398665,0.0,0.0,0.0,0.0,0.0
382,383,-1.983305,30.027391,4.46392,0.0,0.0,0.0,0.0,0.0
383,384,-1.728739,29.350226,-0.54512,0.0,0.0,0.0,0.0,0.0
384,385,-2.198063,30.500769,-0.50384,0.0,0.0,0.0,0.0,0.0
385,386,-2.792961,29.418105,-0.65856,0.0,0.0,0.0,0.0,0.0
386,387,-1.816872,30.410905,-0.208475,0.0,0.0,0.0,0.0,0.0
387,388,-2.731362,29.780691,-0.34955,0.0,0.0,0.0,0.0,0.0
388,389,-2.681601,29.740053,-0.650405,0.0,0.0,0.0,0.0,0.0
389,390,-1.976122,30.094821,2.356715,0.0,0.0,0.0,0.0,0.0
390,391,-1.570421,29.44361,-0.33183,0.09,0.0,0.6339558344238185,0.0,5.0
391,392,-1.733422,29.595184,-0.398055,0.05,0.0,0.49749371855331004,0.0,5.0
392,393,-2.598745,29.716773,0.82452,0.0,0.0,0.0,0.0,0.0
393,394,-2.075481,29.740522,1.354425,0.0,0.0,0.0,0.0,0.0
394,395,-1.444471,29.509372,-0.39188,1.16,0.0,2.3862941981239443,0.0,8.0
395,396,-2.142409,30.096497,-0.322915,5.14,0.0,9.633296424381424,0.0,39.0
396,397,-2.465316,29.467918,-0.5965,0.0,0.0,0.0,0.0,0.0
397,398,-1.928739,29.743956,-0.3239,0.0,0.0,0.0,0.0,0.0
398,399,-1.275019,30.381223,0.01482,0.0,0.0,0.0,0.0,0.0
399,400,-1.948766,29.797733,-0.347,0.0,0.0,0.0,0.0,0.0
400,401,-1.970013,30.037682,1.40751,0.0,0.0,0.0,0.0,0.0
401,402,-1.956508,30.047549,1.59583,0.0,0.0,0.0,0.0,0.0
402,403,-1.655143,29.684502,-0.46382,1.07,0.0,2.237208081515888,0.0,7.0
403,404,-2.539896,29.032055,-0.49018,0.0,0.0,0.0,0.0,0.0
404,405,-1.386951,29.833824,-0.53891,0.0,0.0,0.0,0.0,0.0
405,406,-2.695023,29.002655,-0.325885,0.0,0.0,0.0,0.0,0.0
406,407,-1.97753,29.570432,-0.52488,0.0,0.0,0.0,0.0,0.0
407,408,-2.552635,29.096091,-0.503285,0.0,0.0,0.0,0.0,0.0
408,409,-2.005244,29.770131,-0.35113,0.0,0.0,0.0,0.0,0.0
409,410,-1.805823,30.046599,-0.420465,0.0,0.0,0.0,0.0,0.0
410,411,-1.993914,30.064323,2.154725,0.0,0.0,0.0,0.0,0.0
411,412,-1.948529,30.375445,-0.32582,0.0,0.0,0.0,0.0,0.0
412,413,-1.528342,29.603571,-0.49692,0.0,0.0,0.0,0.0,0.0
413,414,-2.1345,30.32137,-0.42302,0.0,0.0,0.0,0.0,0.0
414,415,-1.886756,29.879609,-0.290605,5.93,6.0,4.684559744522425,0.0,19.0
415,416,-1.398027,29.694173,-0.447635,0.0,0.0,0.0,0.0,0.0
416,417,-1.945,30.048865,2.0418,0.0,0.0,0.0,0.0,0.0
417,418,-1.761856,29.338515,-0.466925,0.0,0.0,0.0,0.0,0.0
418,419,-1.944706,30.063279,2.475315,0.0,0.0,0.0,0.0,0.0
419,420,-2.057154,30.045359,-0.39845,0.0,0.0,0.0,0.0,0.0
420,421,-2.136239,30.664806,-0.482365,0.0,0.0,0.0,0.0,0.0
421,422,-1.884319,29.559903,-0.561135,0.0,0.0,0.0,0.0,0.0
422,423,-1.703399,29.256782,1.60997,0.0,0.0,0.0,0.0,0.0
423,424,-1.940063,30.091425,2.897935,0.0,0.0,0.0,0.0,0.0
424,425,-2.365815,29.939349,-0.38999,0.0,0.0,0.0,0.0,0.0
425,426,-1.48276,29.779362,-0.19768,0.0,0.0,0.0,0.0,0.0
426,427,-1.772094,29.521851,1.17187,0.0,0.0,0.0,0.0,0.0
427,428,-2.578385,29.860149,-0.53615,0.0,0.0,0.0,0.0,0.0
428,429,-2.280823,29.698357,-0.402295,0.0,0.0,0.0,0.0,0.0
429,430,-1.798374,29.278809,-0.62736,0.0,0.0,0.0,0.0,0.0
430,431,-1.76192,29.91315,-0.30592,0.0,0.0,0.0,0.0,0.0
431,432,-2.223684,29.553908,-0.407585,0.0,0.0,0.0,0.0,0.0
432,433,-1.784853,30.496993,-0.289355,0.0,0.0,0.0,0.0,0.0
433,434,-2.113522,29.758143,-0.97256,0.0,0.0,0.0,0.0,0.0
434,435,-1.671156,29.948958,-0.44131,0.0,0.0,0.0,0.0,0.0
435,436,-2.242963,30.112396,-0.415155,1.06,0.0,2.838379819544946,0.0,13.0
436,437,-2.296489,30.015236,-0.19954,0.0,0.0,0.0,0.0,0.0
437,438,-1.520894,29.663135,-0.206655,0.0,0.0,0.0,0.0,0.0
438,439,-1.946122,30.423228,-0.44176,0.0,0.0,0.0,0.0,0.0
439,440,-2.015934,29.914014,-0.43531,0.12,0.0,0.6823488843692793,0.0,4.0
440,441,-1.616108,29.882843,-0.20395,0.0,0.0,0.0,0.0,0.0
441,442,-1.815346,29.320772,-0.55741,0.0,0.0,0.0,0.0,0.0
442,443,-1.962997,30.118024,2.715035,0.0,0.0,0.0,0.0,0.0
443,444,-1.59213,29.472792,-0.230185,0.0,0.0,0.0,0.0,0.0
444,445,-1.633816,29.767421,-0.494455,0.0,0.0,0.0,0.0,0.0
445,446,-2.256404,29.686877,-0.33651,0.0,0.0,0.0,0.0,0.0
446,447,-1.433624,29.62412,-0.25624,0.0,0.0,0.0,0.0,0.0
447,448,-1.607969,29.949778,-0.48465,0.0,0.0,0.0,0.0,0.0
448,449,-1.784873,29.609929,-0.475155,0.0,0.0,0.0,0.0,0.0
449,450,-1.597075,29.375018,-0.409035,0.0,0.0,0.0,0.0,0.0
450,451,-2.237258,29.1907,-0.460565,0.0,0.0,0.0,0.0,0.0
451,452,-1.920579,29.37916,-0.17944,0.0,0.0,0.0,0.0,0.0
452,453,-1.649106,30.070285,-0.27361,0.0,0.0,0.0,0.0,0.0
453,454,-1.536608,30.248538,-0.330225,0.0,0.0,0.0,0.0,0.0
454,455,-2.39019,28.981013,-0.36557,0.0,0.0,0.0,0.0,0.0
455,456,-1.786748,29.94159,-0.29715,0.0,0.0,0.0,0.0,0.0
456,457,-1.64012,29.920405,-0.4232,0.0,0.0,0.0,0.0,0.0
457,458,-2.129858,30.23213,-0.308775,0.0,0.0,0.0,0.0,0.0
458,459,-1.951422,30.266767,-0.024985,0.0,0.0,0.0,0.0,0.0
459,460,-1.962138,30.037816,1.780695,0.0,0.0,0.0,0.0,0.0
460,461,-1.975932,30.041413,2.547345,0.0,0.0,0.0,0.0,0.0
461,462,-2.682618,29.81228,-0.522915,0.0,0.0,0.0,0.0,0.0
462,463,-2.187308,29.392258,-0.40975,0.0,0.0,0.0,0.0,0.0
463,464,-1.853775,30.05054,-0.316415,0.0,0.0,0.0,0.0,0.0
464,465,-2.075093,29.587154,-0.50576,0.0,0.0,0.0,0.0,0.0
465,466,-1.964067,30.60644,-0.10028,0.0,0.0,0.0,0.0,0.0
466,467,-2.203129,30.51851,0.12371,0.0,0.0,0.0,0.0,0.0
467,468,-2.433123,29.547916,-0.572355,0.0,0.0,0.0,0.0,0.0
468,469,-1.658179,29.337824,-0.42667,0.0,0.0,0.0,0.0,0.0
469,470,-2.709279,29.546921,-0.45228,0.0,0.0,0.0,0.0,0.0
470,471,-2.461804,29.641229,-0.602765,0.0,0.0,0.0,0.0,0.0
471,472,-2.09527,30.738608,-0.07872,0.0,0.0,0.0,0.0,0.0
472,473,-2.425081,29.842916,-0.180235,0.0,0.0,0.0,0.0,0.0
473,474,-2.026905,29.801989,-0.519535,0.0,0.0,0.0,0.0,0.0
474,475,-1.584633,29.745352,-0.413445,0.0,0.0,0.0,0.0,0.0
475,476,-1.430599,29.67574,-0.44463,0.0,0.0,0.0,0.0,0.0
476,477,-1.95007,30.141162,-0.04091,0.0,0.0,0.0,0.0,0.0
477,478,-2.312788,30.080022,-0.39664,0.0,0.0,0.0,0.0,0.0
478,479,-2.599329,29.842978,-0.649635,0.0,0.0,0.0,0.0,0.0
479,480,-1.467539,29.608849,-0.41096,0.0,0.0,0.0,0.0,0.0
480,481,-1.979686,30.140415,2.432185,0.0,0.0,0.0,0.0,0.0
481,482,-1.744176,30.366519,-0.25738,0.0,0.0,0.0,0.0,0.0
482,483,-1.643778,30.307225,-0.369555,0.0,0.0,0.0,0.0,0.0
483,484,-1.688078,30.291257,-0.565495,0.0,0.0,0.0,0.0,0.0
484,485,-2.343529,30.699,-0.29723,0.0,0.0,0.0,0.0,0.0
485,486,-2.336048,30.288211,-0.14447,0.48,0.0,1.6460862674841799,0.0,7.0
486,487,-2.084839,29.405355,-0.38767,0.0,0.0,0.0,0.0,0.0
487,488,-2.389778,29.451722,-0.52431,0.0,0.0,0.0,0.0,0.0
488,489,-2.144317,30.348895,-0.388025,0.0,0.0,0.0,0.0,0.0
489,490,-1.96783,30.441541,0.32809,0.0,0.0,0.0,0.0,0.0
490,491,-1.441294,30.063765,-0.27855,0.0,0.0,0.0,0.0,0.0
491,492,-2.019624,29.694921,-0.31016,0.0,0.0,0.0,0.0,0.0
