,cluster,latitude,longitude,wealth_index,mean_light,median_light,std_light,min_light,max_light
0,2,-6.138477,35.743701,0.97,19.15,15.0,14.965543758915011,0.0,54.0
1,3,-4.715211,36.007287,-0.45,0.0,0.0,0.0,0.0,0.0
2,4,-5.10829,36.301132,-0.5,0.0,0.0,0.0,0.0,0.0
3,5,-5.659221,35.38971,-0.92,0.0,0.0,0.0,0.0,0.0
4,6,-4.562516,35.756384,-0.485,0.0,0.0,0.0,0.0,0.0
5,7,-6.366959,36.505336,-0.16,2.09,0.0,3.7043083025039905,0.0,11.0
6,8,-7.22945,36.429971,-0.66,0.0,0.0,0.0,0.0,0.0
7,9,-6.281957,36.284044,-0.85,0.0,0.0,0.0,0.0,0.0
8,10,-5.762026,36.540214,-0.635,0.0,0.0,0.0,0.0,0.0
9,11,-6.261413,36.645635,-0.69,0.0,0.0,0.0,0.0,0.0
10,12,-5.790762,36.081429,-0.85,0.0,0.0,0.0,0.0,0.0
11,13,-6.29609,35.913406,-0.58,0.0,0.0,0.0,0.0,0.0
12,14,-6.499964,35.665523,-0.8,0.0,0.0,0.0,0.0,0.0
13,15,-6.269552,35.337005,-0.9,0.0,0.0,0.0,0.0,0.0
14,16,-5.803447,35.491325,-0.91,0.0,0.0,0.0,0.0,0.0
15,17,-5.942578,35.901248,-0.86,0.0,0.0,0.0,0.0,0.0
16,18,-6.299098,35.599661,-0.85,0.0,0.0,0.0,0.0,0.0
17,19,-2.723958,36.696486,0.74,0.0,0.0,0.0,0.0,0.0
18,20,-3.321002,36.617566,0.855,7.58,7.0,6.185757835544486,0.0,33.0
19,21,-3.371153,36.722144,1.12,23.68,16.0,15.416796035493237,7.0,59.0
20,22,-3.38194,36.673494,0.955,32.92,32.0,14.009054215042498,8.0,59.0
21,23,-3.379829,36.686612,1.21,33.9,32.0,13.116020738013491,10.0,59.0
22,24,-3.3783,36.663136,0.855,30.57,28.0,15.296571511289713,7.0,59.0
23,25,-3.365854,36.669004,1.125,29.45,27.0,16.02521450714467,8.0,59.0
24,26,-3.637595,36.574611,-0.925,0.0,0.0,0.0,0.0,0.0
25,27,-2.560987,36.475638,-0.595,0.0,0.0,0.0,0.0,0.0
26,28,-3.228175,36.9532,-0.4,0.0,0.0,0.0,0.0,0.0
27,29,-3.572838,36.909181,-0.56,0.59,0.0,1.6857935816700689,0.0,6.0
28,30,-3.32569,36.762779,-0.325,4.23,5.0,4.401942752921714,0.0,17.0
29,31,-3.57854,36.641204,-0.7,0.0,0.0,0.0,0.0,0.0
30,32,-3.330309,36.745777,0.23,7.99,7.0,8.84589735414107,0.0,45.0
31,33,-3.324935,36.694935,-0.385,12.2,7.0,13.586758259423032,0.0,50.0
32,34,-3.519164,35.38512,-0.76,0.0,0.0,0.0,0.0,0.0
33,35,-3.307255,35.758294,-0.3,0.0,0.0,0.0,0.0,0.0
34,36,-2.978737,35.528662,-0.845,0.0,0.0,0.0,0.0,0.0
35,37,-3.651879,37.449574,0.43,0.0,0.0,0.0,0.0,0.0
36,38,-3.378976,37.554865,1.38,2.68,0.0,2.9389794146948365,0.0,7.0
37,39,-3.344835,37.350282,1.69,15.67,14.0,7.709805445016106,5.0,33.0
38,40,-3.385471,37.336457,1.33,12.8,9.5,8.165782265037441,0.0,33.0
39,41,-3.255509,37.608994,-0.095,3.23,5.0,2.8839382795059954,0.0,7.0
40,42,-3.129706,37.635603,-0.04,0.96,0.0,2.130352083576797,0.0,6.0
41,43,-3.06707,37.609971,-0.36,0.22,0.0,1.082404730218785,0.0,6.0
42,44,-3.915374,37.652272,-0.11,0.0,0.0,0.0,0.0,0.0
43,45,-4.255792,37.861765,-0.36,0.0,0.0,0.0,0.0,0.0
44,46,-4.30584,37.881452,0.055,0.0,0.0,0.0,0.0,0.0
45,47,-3.308104,37.511057,0.16,5.61,6.0,2.3190299696209187,0.0,8.0
46,48,-3.330809,37.472726,-0.135,2.15,0.0,2.896118091514916,0.0,8.0
47,49,-3.273619,37.371671,0.165,4.55,6.0,3.185514087239295,0.0,12.0
48,50,-3.247431,37.333168,1.9,4.31,6.0,2.777390861942193,0.0,7.0
49,51,-3.206508,37.301296,-0.45,2.68,0.0,2.969444392474794,0.0,7.0
50,52,-3.229025,37.227851,0.66,6.11,6.0,1.654660085939103,0.0,8.0
51,53,-3.244194,37.201864,0.74,5.82,6.0,1.8567713914211414,0.0,8.0
52,54,-3.06276,37.040255,0.19,0.0,0.0,0.0,0.0,0.0
53,55,-5.296945,38.600708,1.075,1.63,0.0,2.9245683442176547,0.0,8.0
54,56,-5.081542,39.089722,1.395,21.24,18.0,11.76020407986188,7.0,48.0
55,57,-5.087096,39.109671,1.95,19.74,15.5,13.090928156551774,0.0,48.0
56,58,-5.423062,38.038195,1.8,2.33,0.0,3.5385166383669873,0.0,10.0
57,59,-4.902736,38.461169,-0.66,0.0,0.0,0.0,0.0,0.0
58,60,-4.751195,38.470385,-0.775,0.0,0.0,0.0,0.0,0.0
59,61,-4.550194,38.334579,-0.66,0.0,0.0,0.0,0.0,0.0
60,62,-4.699378,38.403496,-0.67,0.0,0.0,0.0,0.0,0.0
61,63,-5.007818,38.522508,-0.79,0.0,0.0,0.0,0.0,0.0
62,64,-5.035908,38.362195,-0.46,0.0,0.0,0.0,0.0,0.0
63,65,-5.274202,38.859464,-0.8,0.0,0.0,0.0,0.0,0.0
64,66,-4.808754,38.765354,-0.65,0.1,0.0,0.7000000000000001,0.0,5.0
65,67,-4.953793,39.124057,-0.59,0.0,0.0,0.0,0.0,0.0
66,68,-5.157174,39.006938,0.5,2.98,0.0,4.252011288790283,0.0,15.0
67,69,-5.346547,38.541275,-0.45,0.0,0.0,0.0,0.0,0.0
68,70,-5.440775,38.285056,-0.5,0.0,0.0,0.0,0.0,0.0
69,71,-5.758865,38.308472,0.465,0.0,0.0,0.0,0.0,0.0
70,72,-5.351019,37.922788,-0.71,0.0,0.0,0.0,0.0,0.0
71,73,-6.815174,37.000673,0.88,2.29,0.0,3.7102425796704988,0.0,10.0
72,74,-7.676472,36.977353,0.865,5.98,8.0,4.692504661691878,0.0,14.0
73,75,-8.677903,36.723135,0.675,0.77,0.0,2.0969263220246916,0.0,8.0
74,76,-6.807722,37.646479,0.3,22.82,21.0,11.076443472523119,7.0,47.0
75,77,-6.797625,37.7126,1.135,8.84,7.0,7.454823941583061,0.0,33.0
76,78,-6.089992,36.958211,-0.53,0.0,0.0,0.0,0.0,0.0
77,79,-6.679315,37.12521,-0.17,0.0,0.0,0.0,0.0,0.0
78,80,-7.607259,36.950423,-0.545,1.01,0.0,2.636266299143544,0.0,10.0
79,81,-6.30938,36.987136,-0.61,0.0,0.0,0.0,0.0,0.0
80,82,-7.477027,37.578073,-0.42,0.0,0.0,0.0,0.0,0.0
81,83,-6.871775,37.874915,-0.6,0.0,0.0,0.0,0.0,0.0
82,84,-7.690198,36.964049,-0.195,4.77,0.0,5.069230710867281,0.0,14.0
83,85,-8.124843,36.714039,-0.41,2.38,0.0,3.8698320376987936,0.0,13.0
84,86,-8.520531,35.942828,-0.145,0.0,0.0,0.0,0.0,0.0
85,87,-9.019794,36.72387,-0.87,0.0,0.0,0.0,0.0,0.0
86,88,-6.896416,37.6603,-0.625,2.14,0.0,3.8131876429045555,0.0,12.0
87,89,-6.140303,37.616481,-0.33,3.26,0.0,3.963886981234455,0.0,10.0
88,90,-6.977133,37.600822,-0.64,0.14,0.0,0.9799999999999996,0.0,7.0
89,91,-6.63547,38.35668,0.66,2.39,0.0,3.627381976026235,0.0,10.0
90,92,-6.715156,38.745444,1.28,5.14,6.0,4.558552401804766,0.0,15.0
91,93,-6.971707,39.30747,1.1,7.32,7.0,5.079133784416395,0.0,29.0
92,94,-7.713918,38.935519,-0.66,0.64,0.0,1.830409790183608,0.0,7.0
93,95,-6.123196,38.406495,-0.65,0.0,0.0,0.0,0.0,0.0
94,96,-6.547706,38.82262,-0.655,0.78,0.0,2.0178206064960285,0.0,6.0
95,97,-6.398879,38.347691,-0.52,0.82,0.0,2.127815781499893,0.0,7.0
96,98,-6.009146,37.913562,-0.84,0.0,0.0,0.0,0.0,0.0
97,99,-6.730217,38.761417,0.055,4.64,6.0,4.693655291987258,0.0,15.0
98,100,-6.998384,38.988523,-0.63,0.0,0.0,0.0,0.0,0.0
99,101,-6.990808,38.709172,-0.355,0.0,0.0,0.0,0.0,0.0
100,102,-7.088791,39.302467,-0.76,0.1,0.0,0.7000000000000003,0.0,5.0
101,103,-7.423815,39.307421,-0.805,0.0,0.0,0.0,0.0,0.0
102,104,-7.37705,39.087725,-0.34,0.0,0.0,0.0,0.0,0.0
103,105,-7.878754,38.676297,-0.74,0.0,0.0,0.0,0.0,0.0
104,106,-7.685176,39.057607,-0.775,0.0,0.0,0.0,0.0,0.0
105,107,-7.889673,39.080062,-0.8,0.0,0.0,0.0,0.0,0.0
106,108,-7.871795,39.702446,-0.79,0.82,0.0,2.141868343292837,0.0,8.0
107,109,-6.794283,39.248773,0.905,61.62,63.0,3.1930549635106504,46.0,63.0
108,110,-6.783697,39.254622,1.34,58.54,63.0,8.087545981322146,29.0,63.0
109,111,-6.788833,39.261054,2.22,59.91,63.0,7.018682212495448,32.0,63.0
110,112,-6.805706,39.199791,2.045,55.67,61.5,9.659249453244284,28.0,63.0
111,113,-6.795617,39.216719,1.665,58.25,62.0,8.329915965962682,23.0,63.0
112,114,-6.70087,39.216409,3.22,36.36,41.0,18.001955449339384,5.0,61.0
113,115,-6.645913,39.195015,1.065,27.78,26.5,16.52124692630674,0.0,56.0
114,116,-6.787961,39.255519,1.255,59.91,63.0,7.018682212495448,32.0,63.0
115,117,-6.777185,39.244857,1.87,59.43,62.0,6.190726936313699,36.0,63.0
116,118,-6.762833,39.267088,0.88,49.27,57.5,15.842887994302048,10.0,63.0
117,119,-6.870441,39.170232,1.975,37.02,35.5,15.672893797891952,11.0,63.0
118,120,-6.81986,39.212722,1.955,60.71,63.0,4.231536364017211,45.0,63.0
119,121,-6.83198,39.227589,0.96,61.9,63.0,1.9313207915827966,54.0,63.0
120,122,-6.821887,39.250711,1.48,62.52,63.0,1.513142425550219,54.0,63.0
121,123,-6.854199,39.227777,1.57,58.14,61.5,7.514013574648372,32.0,63.0
122,124,-6.82982,39.197184,2.05,56.35,61.5,9.177554140401462,28.0,63.0
123,125,-6.9076,39.264112,1.57,37.87,38.5,16.51826564745827,8.0,62.0
124,126,-6.884217,39.208924,2.04,46.08,51.0,15.244461289268308,15.0,63.0
125,127,-6.90166,39.249536,1.06,44.61,49.0,14.818835986675877,12.0,63.0
126,128,-6.869419,39.270149,1.64,53.76,59.0,12.547605349228991,14.0,63.0
127,129,-6.842529,39.285895,2.66,52.01,61.0,14.875143696784916,12.0,63.0
128,130,-6.870088,39.245398,1.03,57.08,61.0,8.858532609862653,26.0,63.0
129,131,-6.884394,39.2805,1.5,41.85,49.0,18.96911964219742,7.0,63.0
130,132,-6.720341,39.125756,0.26,9.08,8.0,5.3041116127019805,0.0,34.0
131,133,-6.864269,39.459375,0.31,0.43,0.0,1.4646159906268945,0.0,6.0
132,134,-10.100091,39.633913,-0.57,0.0,0.0,0.0,0.0,0.0
133,136,-10.01876,39.68399,1.415,3.49,0.0,4.92035567820051,0.0,15.0
134,137,-8.394805,39.23547,-0.515,0.0,0.0,0.0,0.0,0.0
135,138,-8.706168,38.829409,-0.785,0.0,0.0,0.0,0.0,0.0
136,139,-9.373264,39.555683,-0.8,0.0,0.0,0.0,0.0,0.0
137,141,-10.219821,39.829175,-0.84,0.0,0.0,0.0,0.0,0.0
138,142,-10.213654,39.481595,-0.65,0.0,0.0,0.0,0.0,0.0
139,143,-10.018425,39.600947,-0.685,0.0,0.0,0.0,0.0,0.0
140,144,-9.835239,39.44847,-0.79,0.0,0.0,0.0,0.0,0.0
141,145,-10.104813,38.575412,-0.8,0.0,0.0,0.0,0.0,0.0
142,147,-10.219921,38.72233,-0.71,0.0,0.0,0.0,0.0,0.0
143,148,-9.557018,37.983898,-0.77,0.0,0.0,0.0,0.0,0.0
144,149,-10.341324,38.994349,-0.84,0.0,0.0,0.0,0.0,0.0
145,150,-10.120896,38.917692,-0.85,0.0,0.0,0.0,0.0,0.0
146,151,-9.89323,38.900304,-0.855,0.0,0.0,0.0,0.0,0.0
147,152,-10.933163,39.272242,0.225,1.26,0.0,2.707840467974433,0.0,8.0
148,153,-10.47609,39.030095,-0.635,0.0,0.0,0.0,0.0,0.0
149,154,-10.870632,39.433563,-0.43,0.0,0.0,0.0,0.0,0.0
150,155,-10.265185,40.1702,2.265,11.79,10.0,10.845547473502663,0.0,38.0
151,156,-10.499045,40.387968,-0.89,0.0,0.0,0.0,0.0,0.0
152,157,-10.618297,39.980089,-0.725,0.0,0.0,0.0,0.0,0.0
153,158,-10.55145,40.142825,-0.905,0.0,0.0,0.0,0.0,0.0
154,159,-10.833914,39.281009,-0.745,0.0,0.0,0.0,0.0,0.0
155,160,-10.809596,39.282562,-0.685,0.0,0.0,0.0,0.0,0.0
156,161,-10.683042,38.784914,-0.71,1.52,0.0,3.427768953707353,0.0,12.0
157,162,-10.655267,38.639052,-0.87,0.0,0.0,0.0,0.0,0.0
158,164,-10.888958,38.048191,-0.745,0.0,0.0,0.0,0.0,0.0
159,165,-10.870693,38.926506,-0.655,0.0,0.0,0.0,0.0,0.0
160,166,-11.033181,39.251523,-0.63,0.0,0.0,0.0,0.0,0.0
161,167,-10.689285,39.73389,-0.58,0.0,0.0,0.0,0.0,0.0
162,168,-10.945995,39.484829,-0.51,0.0,0.0,0.0,0.0,0.0
163,169,-10.66507,39.503665,-0.72,0.0,0.0,0.0,0.0,0.0
164,170,-10.622475,35.454776,0.95,0.38,0.0,1.508509197850646,0.0,7.0
165,171,-10.671364,35.640375,1.16,9.22,9.0,5.6843293359903075,0.0,21.0
166,172,-10.680496,35.664059,0.94,6.85,8.0,6.907061603894958,0.0,21.0
167,173,-10.859443,37.761793,-0.785,0.0,0.0,0.0,0.0,0.0
168,174,-11.18106,37.638248,-0.76,0.0,0.0,0.0,0.0,0.0
169,175,-11.42059,36.889962,-0.84,0.0,0.0,0.0,0.0,0.0
170,176,-10.8965,37.047182,-0.63,0.0,0.0,0.0,0.0,0.0
171,177,-10.799759,35.573679,-0.09,0.0,0.0,0.0,0.0,0.0
172,178,-10.525955,35.245106,-0.635,0.0,0.0,0.0,0.0,0.0
173,179,-10.707,35.102024,-0.43,0.0,0.0,0.0,0.0,0.0
174,180,-11.016597,35.184466,-0.36,0.0,0.0,0.0,0.0,0.0
175,181,-11.117653,34.888462,-0.43,0.0,0.0,0.0,0.0,0.0
176,182,-11.079449,34.857825,-0.225,0.0,0.0,0.0,0.0,0.0
177,183,-11.033747,34.929679,-0.24,0.0,0.0,0.0,0.0,0.0
178,184,-10.597394,34.782487,-0.27,0.0,0.0,0.0,0.0,0.0
179,185,-10.646635,35.578881,-0.41,0.93,0.0,2.680503684011645,0.0,11.0
180,186,-10.148114,35.883337,-0.425,0.0,0.0,0.0,0.0,0.0
181,187,-10.503343,35.970989,-0.49,0.0,0.0,0.0,0.0,0.0
182,188,-9.257356,34.088917,1.17,0.0,0.0,0.0,0.0,0.0
183,189,-8.832187,34.815665,0.395,4.09,0.0,4.74993684168537,0.0,14.0
184,190,-7.774636,35.693071,1.475,14.8,13.0,8.513518661517104,0.0,36.0
185,191,-7.64401,35.543336,-0.47,0.0,0.0,0.0,0.0,0.0
186,192,-8.08154,35.452685,0.33,0.0,0.0,0.0,0.0,0.0
187,193,-7.55861,35.890294,-0.28,0.0,0.0,0.0,0.0,0.0
188,194,-8.814639,35.006821,-0.46,0.0,0.0,0.0,0.0,0.0
189,195,-8.404878,35.212525,1.55,0.0,0.0,0.0,0.0,0.0
190,196,-8.4788,35.878651,-0.72,0.0,0.0,0.0,0.0,0.0
191,197,-9.418488,34.140593,-0.58,0.0,0.0,0.0,0.0,0.0
192,198,-9.389232,34.578591,0.145,0.0,0.0,0.0,0.0,0.0
193,199,-8.920769,34.717638,-0.395,0.0,0.0,0.0,0.0,0.0
194,200,-8.975599,34.806329,-0.395,0.0,0.0,0.0,0.0,0.0
195,201,-9.18823,35.123019,-0.49,0.0,0.0,0.0,0.0,0.0
196,202,-9.449394,34.837373,-0.26,0.0,0.0,0.0,0.0,0.0
197,203,-10.069567,34.557299,-0.41,0.0,0.0,0.0,0.0,0.0
198,204,-7.617431,36.015553,-0.35,0.0,0.0,0.0,0.0,0.0
199,205,-7.889398,36.13864,-0.55,0.0,0.0,0.0,0.0,0.0
200,206,-8.414637,33.159525,0.205,0.65,0.0,1.9615045245933032,0.0,8.0
201,207,-9.110686,32.925148,1.395,2.46,0.0,3.4129752416330246,0.0,9.0
202,208,-8.880998,33.562338,0.33,3.12,0.0,4.4097165441783215,0.0,13.0
203,209,-8.907906,33.460799,1.12,17.23,16.0,9.066261633109868,0.0,36.0
204,210,-8.043872,33.265223,-0.64,0.0,0.0,0.0,0.0,0.0
205,211,-8.46343,33.000357,-0.49,0.88,0.0,2.1876014262200507,0.0,7.0
206,212,-9.184849,33.311177,-0.52,0.0,0.0,0.0,0.0,0.0
207,213,-9.023151,33.262896,-0.52,0.0,0.0,0.0,0.0,0.0
208,214,-9.562958,33.78008,0.59,0.94,0.0,2.2441925051118057,0.0,7.0
209,215,-9.129886,33.840689,-0.7,0.0,0.0,0.0,0.0,0.0
210,216,-9.364201,33.667047,-0.6,0.0,0.0,0.0,0.0,0.0
211,217,-9.176573,33.614176,0.03,0.0,0.0,0.0,0.0,0.0
212,218,-9.379163,33.077631,-0.295,0.0,0.0,0.0,0.0,0.0
213,219,-8.922297,33.049558,-0.385,0.0,0.0,0.0,0.0,0.0
214,220,-9.022888,33.113603,-0.35,0.0,0.0,0.0,0.0,0.0
215,222,-8.623724,33.872249,-0.685,0.0,0.0,0.0,0.0,0.0
216,224,-4.500323,34.844744,-0.765,0.0,0.0,0.0,0.0,0.0
217,225,-5.704279,34.488967,0.88,1.74,0.0,3.048343812630065,0.0,9.0
218,226,-4.835939,34.754612,0.82,10.3,8.0,8.32165848854662,0.0,32.0
219,227,-4.124458,34.642537,-0.89,0.0,0.0,0.0,0.0,0.0
220,228,-4.306444,34.780494,-0.625,0.0,0.0,0.0,0.0,0.0
221,229,-4.482985,34.616563,-0.79,0.0,0.0,0.0,0.0,0.0
222,230,-4.569075,34.370512,-0.845,0.0,0.0,0.0,0.0,0.0
223,231,-4.458755,34.12614,-0.89,0.0,0.0,0.0,0.0,0.0
224,232,-4.576767,34.800309,-0.81,0.0,0.0,0.0,0.0,0.0
225,233,-4.674602,35.077296,-0.695,0.0,0.0,0.0,0.0,0.0
226,234,-4.837698,35.119184,-0.705,0.0,0.0,0.0,0.0,0.0
227,235,-5.334076,34.780957,-0.42,0.0,0.0,0.0,0.0,0.0
228,236,-5.021676,34.565503,-0.9,0.0,0.0,0.0,0.0,0.0
229,237,-4.830592,34.504432,-0.715,0.0,0.0,0.0,0.0,0.0
230,238,-5.714422,34.970287,-0.46,0.0,0.0,0.0,0.0,0.0
231,239,-6.02613,34.835489,-0.82,0.0,0.0,0.0,0.0,0.0
232,240,-5.897446,34.116169,-0.62,0.0,0.0,0.0,0.0,0.0
233,241,-4.925101,34.608178,-0.61,0.0,0.0,0.0,0.0,0.0
234,242,-4.217573,33.180024,2.095,4.72,6.0,4.893015430182088,0.0,16.0
235,243,-5.622726,32.759946,0.81,2.95,0.0,3.968311983702894,0.0,11.0
236,244,-5.005401,32.821768,1.93,11.57,10.0,9.862307032332751,0.0,34.0
237,245,-4.614416,33.155114,-0.82,0.0,0.0,0.0,0.0,0.0
238,246,-4.18354,33.261929,-0.705,0.0,0.0,0.0,0.0,0.0
239,247,-4.011658,33.157539,-0.82,0.14,0.0,0.98,0.0,7.0
240,248,-4.215667,32.974935,-0.76,0.0,0.0,0.0,0.0,0.0
241,249,-4.413141,33.986531,-0.87,0.0,0.0,0.0,0.0,0.0
242,250,-3.968246,33.663862,-0.765,0.0,0.0,0.0,0.0,0.0
243,251,-4.388801,33.447999,-0.77,0.0,0.0,0.0,0.0,0.0
244,252,-5.05774,33.498807,-0.82,0.0,0.0,0.0,0.0,0.0
245,253,-4.984568,32.373007,-0.4,0.0,0.0,0.0,0.0,0.0
246,254,-4.876602,33.256163,-0.81,0.0,0.0,0.0,0.0,0.0
247,255,-4.832869,32.055386,-0.77,0.0,0.0,0.0,0.0,0.0
248,257,-5.086793,31.811425,-0.67,0.0,0.0,0.0,0.0,0.0
249,258,-5.482532,32.633587,-0.725,0.0,0.0,0.0,0.0,0.0
250,259,-5.354411,32.716071,-0.755,0.0,0.0,0.0,0.0,0.0
251,260,-6.337823,31.085982,1.76,3.86,0.0,4.923454072092072,0.0,14.0
252,261,-7.514973,31.032601,0.5,0.0,0.0,0.0,0.0,0.0
253,262,-7.94577,31.611365,0.395,5.28,6.0,5.299207487917414,0.0,15.0
254,263,-6.343638,31.316076,-0.505,0.0,0.0,0.0,0.0,0.0
255,264,-6.128316,31.077411,-0.72,0.0,0.0,0.0,0.0,0.0
256,265,-7.218472,31.402935,-0.59,0.0,0.0,0.0,0.0,0.0
257,266,-6.451934,31.095801,-0.86,0.0,0.0,0.0,0.0,0.0
258,267,-5.531831,30.425662,-0.765,0.0,0.0,0.0,0.0,0.0
259,268,-8.571521,31.26109,-0.775,0.0,0.0,0.0,0.0,0.0
260,269,-8.670172,31.503488,-0.78,0.0,0.0,0.0,0.0,0.0
261,270,-8.813431,31.709931,-0.83,0.0,0.0,0.0,0.0,0.0
262,271,-8.420491,31.863266,-0.61,0.0,0.0,0.0,0.0,0.0
263,272,-8.176008,31.757999,-0.71,0.0,0.0,0.0,0.0,0.0
264,273,-8.010305,31.928806,-0.825,0.0,0.0,0.0,0.0,0.0
265,274,-7.453633,31.318364,-0.81,0.0,0.0,0.0,0.0,0.0
266,275,-8.036993,31.362137,-0.815,0.0,0.0,0.0,0.0,0.0
267,276,-7.148086,30.548606,-0.205,0.0,0.0,0.0,0.0,0.0
268,277,-8.062639,31.58697,-0.57,0.0,0.0,0.0,0.0,0.0
269,278,-4.572685,30.084796,0.91,1.82,0.0,3.179245193438216,0.0,9.0
270,279,-4.848704,29.632475,0.24,7.55,7.0,6.1650223032848785,0.0,22.0
271,280,-4.887242,29.628349,2.5,9.61,9.0,6.199830642848238,0.0,22.0
272,281,-3.530521,30.625931,-0.69,0.0,0.0,0.0,0.0,0.0
273,282,-3.966931,30.592554,-0.78,0.0,0.0,0.0,0.0,0.0
274,283,-3.049157,30.817131,-0.77,0.0,0.0,0.0,0.0,0.0
275,284,-3.679457,30.474086,-0.85,0.0,0.0,0.0,0.0,0.0
276,285,-4.35663,30.181232,-0.595,0.0,0.0,0.0,0.0,0.0
277,286,-4.504597,30.121334,-0.49,0.0,0.0,0.0,0.0,0.0
278,287,-4.649343,30.165902,-0.54,0.0,0.0,0.0,0.0,0.0
279,288,-4.511993,30.06401,-0.4,0.0,0.0,0.0,0.0,0.0
280,289,-4.39922,29.810853,-0.595,0.0,0.0,0.0,0.0,0.0
281,290,-4.470631,30.061856,-0.63,0.0,0.0,0.0,0.0,0.0
282,291,-4.667289,29.732093,-0.51,0.0,0.0,0.0,0.0,0.0
283,292,-5.099358,30.286391,-0.82,0.0,0.0,0.0,0.0,0.0
284,294,-5.019403,30.058598,-0.64,0.0,0.0,0.0,0.0,0.0
285,295,-5.069666,30.224048,-0.6,0.0,0.0,0.0,0.0,0.0
286,296,-3.177537,33.788551,1.24,1.9,0.0,3.0773365106858233,0.0,8.0
287,298,-3.513942,33.585266,2.42,7.57,7.0,6.101237579376827,0.0,22.0
288,299,-2.679569,34.146246,-0.66,0.0,0.0,0.0,0.0,0.0
289,300,-2.994243,34.042002,-0.665,0.0,0.0,0.0,0.0,0.0
290,301,-2.690056,33.861397,-0.65,0.0,0.0,0.0,0.0,0.0
291,302,-3.276453,33.868122,-0.81,0.0,0.0,0.0,0.0,0.0
292,303,-3.118804,33.981996,-0.695,0.0,0.0,0.0,0.0,0.0
293,304,-3.510559,33.072186,-0.64,0.0,0.0,0.0,0.0,0.0
294,305,-3.304373,32.478679,-0.58,0.0,0.0,0.0,0.0,0.0
295,306,-3.886968,32.791393,-0.65,0.4,0.0,1.4628738838327788,0.0,6.0
296,307,-4.222033,32.242948,-0.81,0.0,0.0,0.0,0.0,0.0
297,308,-3.922834,32.497411,-0.56,0.0,0.0,0.0,0.0,0.0
298,309,-3.403852,31.984391,-0.665,0.0,0.0,0.0,0.0,0.0
299,310,-3.412662,32.046782,-0.62,0.0,0.0,0.0,0.0,0.0
300,311,-3.22594,34.281371,-0.76,0.0,0.0,0.0,0.0,0.0
301,312,-3.603924,33.470567,-0.575,1.82,0.0,3.344786988733363,0.0,12.0
302,313,-3.544595,33.806492,-0.72,0.0,0.0,0.0,0.0,0.0
303,314,-2.63077,31.759822,0.67,0.0,0.0,0.0,0.0,0.0
304,315,-1.27974,30.902438,-0.57,0.0,0.0,0.0,0.0,0.0
305,316,-1.412562,30.871132,-0.585,0.0,0.0,0.0,0.0,0.0
306,317,-1.62662,31.153382,0.01,1.25,0.0,2.7690250992000776,0.0,8.0
307,318,-1.629137,30.941364,-0.52,0.0,0.0,0.0,0.0,0.0
308,319,-1.171678,31.366959,-0.62,0.25,0.0,1.2278029157808674,0.0,7.0
309,320,-1.110137,31.752092,-0.26,0.0,0.0,0.0,0.0,0.0
310,321,-1.326066,31.73037,-0.13,0.89,0.0,2.327638288050788,0.0,9.0
311,322,-1.468345,31.734932,-0.36,0.6,0.0,1.8000000000000003,0.0,6.0
312,323,-1.608169,31.464362,-0.78,0.0,0.0,0.0,0.0,0.0
313,324,-2.04453,31.584364,-0.795,0.0,0.0,0.0,0.0,0.0
314,325,-1.881318,31.51817,-0.675,0.0,0.0,0.0,0.0,0.0
315,326,-1.600378,31.654493,-0.365,0.0,0.0,0.0,0.0,0.0
316,327,-2.467251,31.731467,-0.465,0.0,0.0,0.0,0.0,0.0
317,328,-3.09111,31.879127,-0.72,0.0,0.0,0.0,0.0,0.0
318,329,-3.107394,31.036358,-0.78,0.0,0.0,0.0,0.0,0.0
319,330,-2.782015,30.493698,-0.84,0.74,0.0,2.3690504426879557,0.0,10.0
320,332,-2.591233,33.436368,1.95,2.47,0.0,3.3539677994876445,0.0,9.0
321,333,-2.527479,32.918889,0.94,28.54,27.5,12.6161959401398,7.0,55.0
322,334,-2.995925,33.346035,-0.61,0.47,0.0,1.596590116466966,0.0,6.0
323,335,-2.480414,32.90047,1.145,22.68,21.0,13.871467117792552,0.0,55.0
324,336,-2.521016,32.940201,0.88,23.37,23.0,12.17181580537596,0.0,53.0
325,337,-2.016951,33.000488,-0.57,0.0,0.0,0.0,0.0,0.0
326,338,-2.570739,33.251237,-0.755,0.0,0.0,0.0,0.0,0.0
327,339,-2.215425,33.867812,-0.51,0.0,0.0,0.0,0.0,0.0
328,340,-2.781173,33.177909,-0.775,0.0,0.0,0.0,0.0,0.0
329,341,-3.255368,33.2811,-0.72,0.0,0.0,0.0,0.0,0.0
330,342,-2.556771,32.73341,-0.635,0.0,0.0,0.0,0.0,0.0
331,343,-2.441801,32.224268,-0.49,0.0,0.0,0.0,0.0,0.0
332,344,-2.560609,32.494841,-0.5,0.0,0.0,0.0,0.0,0.0
333,345,-2.818757,31.930066,-0.53,0.0,0.0,0.0,0.0,0.0
334,346,-3.060999,32.333379,-0.295,0.0,0.0,0.0,0.0,0.0
335,347,-3.075039,31.939064,-0.74,0.0,0.0,0.0,0.0,0.0
336,348,-2.750928,33.127408,-0.74,0.0,0.0,0.0,0.0,0.0
337,349,-2.980711,33.004721,-0.69,0.0,0.0,0.0,0.0,0.0
338,350,-1.175788,34.075025,-0.275,0.0,0.0,0.0,0.0,0.0
339,351,-2.02658,33.869186,1.76,4.79,6.0,4.131089444686474,0.0,13.0
340,352,-1.523889,33.811047,1.18,9.01,8.0,6.26976076098602,0.0,23.0
341,353,-1.252972,34.338501,-0.8,0.0,0.0,0.0,0.0,0.0
342,354,-1.369792,34.660076,-0.515,0.0,0.0,0.0,0.0,0.0
343,355,-1.400853,34.55624,-0.5,3.78,0.0,4.622942785715609,0.0,13.0
344,356,-1.371665,34.134735,-0.585,0.0,0.0,0.0,0.0,0.0
345,357,-1.249041,33.924425,-0.33,0.0,0.0,0.0,0.0,0.0
346,358,-1.155685,34.187051,-0.38,0.0,0.0,0.0,0.0,0.0
347,359,-1.591564,34.366813,-0.745,0.0,0.0,0.0,0.0,0.0
348,360,-2.00277,34.43191,-0.535,0.0,0.0,0.0,0.0,0.0
349,361,-1.659931,34.139388,-0.48,0.0,0.0,0.0,0.0,0.0
350,362,-1.749169,33.834178,-0.49,0.0,0.0,0.0,0.0,0.0
351,363,-1.659481,33.762991,-0.66,0.0,0.0,0.0,0.0,0.0
352,364,-1.868809,33.453545,-0.32,0.0,0.0,0.0,0.0,0.0
353,365,-1.863397,34.198487,-0.58,0.0,0.0,0.0,0.0,0.0
354,366,-2.142193,33.578951,-0.44,0.0,0.0,0.0,0.0,0.0
355,367,-1.573229,33.843154,-0.1,1.63,0.0,3.0582838324786006,0.0,10.0
356,368,-4.198032,35.903512,-0.7,0.0,0.0,0.0,0.0,0.0
357,369,-4.378037,35.712354,0.405,0.0,0.0,0.0,0.0,0.0
358,370,-4.269121,35.574416,-0.8,0.05,0.0,0.49749371855331015,0.0,5.0
359,371,-4.214041,35.448094,-0.57,0.0,0.0,0.0,0.0,0.0
360,372,-3.798578,35.708364,-0.57,0.0,0.0,0.0,0.0,0.0
361,373,-4.504887,35.093927,-0.87,0.0,0.0,0.0,0.0,0.0
362,374,-4.510585,35.292033,-0.91,0.0,0.0,0.0,0.0,0.0
363,375,-4.502864,35.518574,-0.75,0.0,0.0,0.0,0.0,0.0
364,376,-5.26645,36.611116,-0.705,0.06,0.0,0.5969924622639718,0.0,6.0
365,377,-5.705734,36.495832,-0.66,0.0,0.0,0.0,0.0,0.0
366,378,-3.73495,35.566425,-0.54,0.0,0.0,0.0,0.0,0.0
367,379,-3.906413,35.479932,-0.76,0.06,0.0,0.596992462263972,0.0,6.0
368,380,-4.241342,35.231787,-0.8,0.0,0.0,0.0,0.0,0.0
369,382,-3.765994,36.658195,-0.95,0.0,0.0,0.0,0.0,0.0
370,383,-4.212921,35.741583,1.875,5.68,6.0,4.319444408717399,0.0,14.0
371,384,-4.505559,35.391624,2.36,1.49,0.0,2.6776668948918947,0.0,8.0
372,385,-3.540984,36.988417,0.62,5.89,7.0,3.501128389533865,0.0,12.0
373,386,-5.269916,39.770222,0.29,3.22,0.0,3.7777771241829505,0.0,10.0
374,387,-5.243229,39.781306,0.71,4.75,6.0,3.418698582794336,0.0,10.0
375,388,-5.296885,39.81428,-0.385,0.36,0.0,1.4388884598883964,0.0,7.0
376,389,-5.210041,39.71051,-0.525,0.43,0.0,1.5764199947983406,0.0,7.0
377,390,-5.236161,39.819188,0.74,2.61,0.0,3.1871460587804887,0.0,10.0
378,391,-5.278415,39.745284,-0.1,1.87,0.0,3.4195175098250346,0.0,10.0
379,392,-5.23068,39.764164,0.585,4.81,6.0,3.387314570570616,0.0,10.0
380,393,-5.227565,39.79516,1.685,4.53,5.0,3.4451560196890934,0.0,10.0
381,394,-5.269114,39.776507,0.0,3.32,0.0,3.757339484262768,0.0,10.0
382,395,-5.359937,39.651641,-0.07,0.75,0.0,1.9461500456028564,0.0,6.0
383,396,-5.396949,39.686266,-0.44,0.35,0.0,1.3883443376914824,0.0,6.0
384,397,-5.452651,39.650646,-0.665,0.0,0.0,0.0,0.0,0.0
385,398,-5.405778,39.717822,-0.135,0.0,0.0,0.0,0.0,0.0
386,399,-5.426616,39.710658,-0.64,0.0,0.0,0.0,0.0,0.0
387,400,-5.376077,39.77657,-0.56,0.0,0.0,0.0,0.0,0.0
388,401,-5.381814,39.684564,0.57,0.52,0.0,1.6581917862539304,0.0,6.0
389,402,-5.370339,39.759774,-0.08,0.0,0.0,0.0,0.0,0.0
390,403,-5.362064,39.647593,1.245,0.75,0.0,1.9461500456028564,0.0,6.0
391,404,-5.102954,39.69441,-0.53,0.8,0.0,2.186321110907545,0.0,8.0
392,405,-5.161425,39.768015,-0.14,0.5,0.0,1.5,0.0,5.0
393,406,-5.08215,39.851089,-0.72,0.0,0.0,0.0,0.0,0.0
394,407,-5.206657,39.810315,-0.33,2.93,0.0,3.29015197217393,0.0,10.0
395,408,-5.132531,39.767385,0.325,0.1,0.0,0.7000000000000001,0.0,5.0
396,409,-4.990709,39.685765,-0.53,0.0,0.0,0.0,0.0,0.0
397,410,-5.092487,39.814483,-0.675,0.0,0.0,0.0,0.0,0.0
398,413,-4.97381,39.838539,-0.65,0.88,0.0,2.0262280227062304,0.0,6.0
399,414,-4.923046,39.748532,-0.69,0.28,0.0,1.2253978945632311,0.0,6.0
400,415,-4.968713,39.788696,-0.22,0.32,0.0,1.2718490476467716,0.0,6.0
401,416,-5.024767,39.800752,-0.75,0.17,0.0,0.9701030873056739,0.0,6.0
402,417,-5.041414,39.766337,-0.61,0.88,0.0,2.205810508633958,0.0,8.0
403,418,-4.94911,39.728522,1.25,0.28,0.0,1.225397894563231,0.0,6.0
404,419,-4.949196,39.859044,-0.6,0.88,0.0,2.0262280227062304,0.0,6.0
405,420,-5.024148,39.802515,-0.56,0.17,0.0,0.9701030873056739,0.0,6.0
406,421,-4.952398,39.851447,-0.64,0.88,0.0,2.0262280227062304,0.0,6.0
407,422,-6.13316,39.259956,2.16,9.87,7.0,8.503710954636219,0.0,45.0
408,423,-6.098553,39.217674,2.075,9.66,8.5,5.727512549091447,0.0,26.0
409,424,-6.130601,39.270824,0.71,7.63,6.0,6.241241863603749,0.0,34.0
410,425,-6.19273,39.226573,2.47,24.83,23.0,13.498188767386532,5.0,51.0
411,426,-6.308046,39.28536,0.69,0.0,0.0,0.0,0.0,0.0
412,427,-6.160341,39.234551,1.97,22.01,17.0,14.23621789661847,6.0,51.0
413,428,-6.170341,39.234956,1.51,22.97,21.0,14.028866668409107,6.0,51.0
414,429,-6.107722,39.218011,1.025,11.41,10.0,7.126142013740674,0.0,34.0
415,430,-6.195539,39.226067,1.305,24.83,23.0,13.498188767386532,5.0,51.0
416,431,-6.147671,39.213893,2.72,23.54,20.5,13.683142913819179,0.0,51.0
417,432,-6.153974,39.213183,2.17,23.54,20.5,13.683142913819179,0.0,51.0
418,433,-6.162391,39.200569,1.68,24.56,22.5,13.937230714887374,0.0,51.0
419,434,-6.175715,39.217921,1.94,26.66,26.0,12.438022350840185,8.0,51.0
420,436,-6.18199,39.209758,2.22,26.66,26.5,12.743013772259685,0.0,51.0
421,437,-6.165473,39.196478,2.37,25.52,24.0,13.530321503940694,0.0,51.0
422,439,-6.170458,39.199935,1.88,25.52,24.0,13.530321503940694,0.0,51.0
423,440,-6.111914,39.35583,0.19,0.0,0.0,0.0,0.0,0.0
424,441,-6.092504,39.311662,0.215,0.87,0.0,2.0768004237287703,0.0,6.0
425,442,-6.050615,39.302573,-0.56,0.05,0.0,0.4974937185533102,0.0,5.0
426,443,-6.110478,39.277294,1.14,4.27,6.0,3.5828898950428267,0.0,15.0
427,444,-6.032436,39.373411,-0.45,1.31,0.0,3.0122914865596924,0.0,12.0
428,445,-6.053773,39.311571,-0.045,0.0,0.0,0.0,0.0,0.0
429,446,-6.176764,39.361077,0.105,0.23,0.0,1.1300884921102419,0.0,6.0
430,447,-6.16852,39.428721,0.315,1.71,0.0,2.7615032138311912,0.0,7.0
431,448,-6.1898,39.282776,-0.56,6.0,6.0,4.259107887809371,0.0,19.0
432,449,-6.218325,39.365187,-0.58,0.06,0.0,0.5969924622639718,0.0,6.0
433,450,-6.347555,39.396731,0.125,0.0,0.0,0.0,0.0,0.0
434,451,-6.116777,39.30943,0.425,1.71,0.0,2.688103420629496,0.0,7.0
435,452,-6.416207,39.547177,0.335,0.57,0.0,1.6263763402115758,0.0,6.0
436,453,-6.398399,39.557182,0.29,0.57,0.0,1.6263763402115758,0.0,6.0
437,454,-6.464062,39.514566,0.145,0.22,0.0,1.0824047302187847,0.0,6.0
438,455,-6.458286,39.478049,1.43,0.68,0.0,1.8486752013266152,0.0,6.0
439,456,-6.291603,39.518159,0.78,3.28,2.5,3.388450973527579,0.0,9.0
440,457,-6.245171,39.516748,1.08,3.74,5.0,3.506051910625398,0.0,9.0
441,458,-5.856621,39.285588,-0.29,1.0,0.0,2.073644135332772,0.0,6.0
442,459,-5.736237,39.304115,0.2,7.1,6.0,7.051950084905592,0.0,24.0
443,460,-5.895991,39.270848,-0.05,1.0,0.0,2.073644135332772,0.0,6.0
444,461,-5.901203,39.266334,0.1,1.0,0.0,2.073644135332772,0.0,6.0
445,462,-5.802726,39.312344,-0.325,0.93,0.0,2.5932797766534956,0.0,11.0
446,464,-5.745718,39.300254,0.26,7.22,6.0,6.980802246160537,0.0,24.0
447,465,-5.874357,39.329513,-0.455,2.57,0.0,3.066773548862061,0.0,9.0
448,466,-5.875217,39.304958,0.1,2.07,0.0,2.793760906018981,0.0,8.0
449,467,-5.937708,39.328844,-0.385,4.97,0.0,6.189434546063154,0.0,18.0
450,468,-5.945681,39.287349,-0.66,0.17,0.0,0.9701030873056739,0.0,6.0
451,469,-5.99499,39.183387,-0.06,0.69,0.0,1.879867016573247,0.0,7.0
452,470,-5.959795,39.183787,-0.635,0.0,0.0,0.0,0.0,0.0
453,471,-6.012883,39.220247,-0.4,3.15,5.0,3.0012497396917843,0.0,7.0
454,472,-6.001724,39.246531,0.345,1.92,0.0,2.7556487439439743,0.0,7.0
455,473,-5.928924,39.254502,-0.045,0.46,0.0,1.4657421328460203,0.0,6.0
456,474,-5.985061,39.242211,0.18,1.52,0.0,2.5118917174114013,0.0,6.0
457,475,-5.957836,39.318597,-0.44,3.38,0.0,5.356827419284665,0.0,18.0
