,cluster,latitude,longitude,wealth_index,mean_light,median_light,std_light,min_light,max_light
0,1,0.324718,32.578131,1.387615,61.19,62.0,2.04790136481228,52.0,63.0
1,2,0.355171,32.598544,1.11607,52.86,58.0,11.606050146367627,25.0,63.0
2,4,0.303904,32.566707,1.22332,61.19,62.0,2.04790136481228,52.0,63.0
3,6,0.323517,32.57555,2.84649,48.74,53.5,13.368335722893857,20.0,63.0
4,8,0.365799,32.569438,1.238415,38.9,38.0,16.455698101265714,13.0,62.0
5,9,0.364168,32.563583,1.335115,43.1,45.5,15.396428157205813,15.0,62.0
6,11,0.362198,32.5604,1.65381,59.07,62.0,4.968410208507345,42.0,63.0
7,13,0.381679,32.555084,1.47907,40.17,41.5,16.63974458938598,14.0,62.0
8,14,0.378687,32.562204,1.09548,36.09,35.0,17.366113554851584,11.0,62.0
9,16,0.374638,32.58106,1.57669,58.64,62.0,7.4799999999999995,25.0,63.0
10,17,0.343151,32.573037,1.40713,51.39,57.5,14.039868232999908,10.0,63.0
11,18,0.361754,32.573666,1.40265,58.99,62.0,5.94053027936059,36.0,63.0
12,20,0.383193,32.563031,2.06403,59.97,62.0,4.712653180534295,33.0,63.0
13,21,0.391486,32.572141,1.06988,35.74,37.0,19.759362337889346,7.0,63.0
14,22,0.350017,32.585783,1.1628,56.43,62.0,10.077951180671596,17.0,63.0
15,23,0.305408,32.599922,0.97046,17.86,11.0,15.464811670369608,0.0,61.0
16,24,0.299188,32.613534,2.60738,58.99,62.0,5.94053027936059,36.0,63.0
17,25,0.299081,32.593913,1.40603,52.31,57.5,12.648869514703675,15.0,63.0
18,28,0.320455,32.612117,1.41014,57.19,61.0,7.617998424783244,35.0,63.0
19,29,0.324913,32.603977,0.823935,41.96,45.0,16.615005266324776,12.0,62.0
20,31,0.290288,32.63996,1.93173,60.47,62.0,3.1731845203202416,49.0,63.0
21,32,0.311553,32.608876,0.754625,45.53,52.0,17.422086557011475,8.0,63.0
22,35,0.245336,32.637751,1.421225,57.24,60.0,6.440683193575042,37.0,63.0
23,36,0.296695,32.595668,1.76956,45.8,48.5,14.945233353815523,14.0,63.0
24,39,0.291511,32.604701,1.89035,55.13,61.0,10.957787185376436,18.0,63.0
25,41,0.302669,32.602866,1.609695,61.35,62.0,1.829617446353199,54.0,63.0
26,42,0.278124,32.586397,1.65031,51.8,57.5,12.653062870309308,21.0,63.0
27,44,0.353154,32.58368,2.21978,55.81,61.0,9.383703959524725,28.0,63.0
28,46,0.373567,32.616645,1.248845,54.76,60.0,9.971078176406,24.0,63.0
29,48,0.307213,32.626443,1.42107,45.8,48.5,14.945233353815523,14.0,63.0
30,50,0.333747,32.590617,1.28804,58.24,62.0,6.237178849447882,37.0,63.0
31,52,0.304866,32.632625,1.78028,0.0,0.0,0.0,0.0,0.0
32,53,0.320293,32.65447,1.8462,8.41,6.0,9.769437035981143,0.0,32.0
33,54,0.304083,32.641462,1.88591,0.0,0.0,0.0,0.0,0.0
34,55,0.345643,32.604972,2.867185,1.56,0.0,2.7904121559368247,0.0,8.0
35,58,0.311809,32.525559,1.263635,0.48,0.0,1.627759195950064,0.0,6.0
36,59,0.292881,32.547523,1.22586,0.0,0.0,0.0,0.0,0.0
37,60,0.285922,32.553927,1.7135,1.43,0.0,3.3712163976820007,0.0,12.0
38,61,0.317991,32.613356,1.63395,0.0,0.0,0.0,0.0,0.0
39,62,0.342479,32.565237,1.341765,0.0,0.0,0.0,0.0,0.0
40,63,0.318557,32.576431,1.65814,0.0,0.0,0.0,0.0,0.0
41,64,0.329236,32.543532,1.56994,0.0,0.0,0.0,0.0,0.0
42,65,0.324758,32.551441,1.68684,0.0,0.0,0.0,0.0,0.0
43,66,0.309954,32.546801,1.89304,0.0,0.0,0.0,0.0,0.0
44,67,0.299065,32.545582,1.45819,3.33,6.0,3.295618303141308,0.0,8.0
45,69,0.286072,32.564358,1.63373,0.0,0.0,0.0,0.0,0.0
46,70,0.317532,32.550555,0.34198,0.0,0.0,0.0,0.0,0.0
47,72,0.304638,32.524993,0.964825,0.0,0.0,0.0,0.0,0.0
48,73,0.324509,32.533182,1.697165,0.0,0.0,0.0,0.0,0.0
49,74,0.28883,32.572195,1.183085,0.08,0.0,0.7959899496852959,0.0,8.0
50,77,-0.616717,32.338252,-0.0318,27.33,24.0,13.90974838018287,9.0,58.0
51,78,-0.364611,31.318073,0.91957,3.53,0.0,4.162823560997992,0.0,14.0
52,79,-0.301662,31.766108,0.87185,17.97,17.0,9.797402717047001,0.0,44.0
53,80,-0.377111,31.332236,0.76135,18.09,17.0,9.57088815105474,0.0,44.0
54,81,-0.149143,31.887567,0.925955,39.09,38.0,15.44480171449281,10.0,63.0
55,84,-0.065719,31.595552,-0.16368,42.44,44.0,15.891079258502236,13.0,62.0
56,86,-0.439917,31.669382,0.33652,42.45,43.0,14.744744826547526,13.0,63.0
57,88,-0.334138,31.643582,-0.31906,48.72,52.0,13.851411480423215,16.0,63.0
58,90,-0.480598,31.35714,-0.11893,1.34,0.0,2.78646729749337,0.0,8.0
59,92,-0.380237,31.513526,0.0855,0.0,0.0,0.0,0.0,0.0
60,95,-0.093981,31.813163,-0.35995,0.0,0.0,0.0,0.0,0.0
61,98,0.038669,31.704869,-0.343925,1.46,0.0,2.769187606501229,0.0,8.0
62,100,0.187,32.19979,-0.08165,0.0,0.0,0.0,0.0,0.0
63,101,0.042744,31.867694,-0.17736,0.0,0.0,0.0,0.0,0.0
64,103,0.188008,31.797959,-0.20444,0.0,0.0,0.0,0.0,0.0
65,105,-0.067384,32.122295,-0.25585,0.0,0.0,0.0,0.0,0.0
66,107,0.196479,32.33155,0.506775,4.08,0.0,5.992795674808211,0.0,19.0
67,109,0.001891,31.96699,-0.548915,0.78,0.0,2.87951384785696,0.0,13.0
68,110,-0.241844,31.160065,-0.312655,0.0,0.0,0.0,0.0,0.0
69,111,-0.847507,31.45713,0.00364,0.0,0.0,0.0,0.0,0.0
70,112,-0.816082,31.436868,-0.47502,0.0,0.0,0.0,0.0,0.0
71,115,-0.672724,31.280246,-0.495555,9.38,8.0,6.570814257000421,0.0,27.0
72,118,-0.555452,31.545267,0.022525,0.73,0.0,1.979166491228062,0.0,7.0
73,120,-0.586264,31.666526,-0.244785,0.0,0.0,0.0,0.0,0.0
74,122,-0.008755,31.445721,-0.26176,6.87,7.0,3.5627377113674816,0.0,16.0
75,123,-0.205651,31.346449,-0.14098,4.47,6.0,3.539646875042764,0.0,11.0
76,127,0.148568,32.473697,2.179595,0.0,0.0,0.0,0.0,0.0
77,128,0.067261,32.458626,1.499475,0.0,0.0,0.0,0.0,0.0
78,129,0.059664,32.461734,1.73958,0.0,0.0,0.0,0.0,0.0
79,130,0.356375,32.65096,1.341585,0.0,0.0,0.0,0.0,0.0
80,131,0.391368,32.554487,1.30471,1.47,0.0,2.790895913501612,0.0,8.0
81,132,0.337865,32.496492,1.72739,0.0,0.0,0.0,0.0,0.0
82,133,0.255598,32.562104,1.540725,0.0,0.0,0.0,0.0,0.0
83,138,0.244854,32.575221,0.87067,4.98,6.0,4.7937042044748654,0.0,16.0
84,141,0.358547,32.639434,0.70694,0.0,0.0,0.0,0.0,0.0
85,145,0.387252,32.536992,0.78933,0.0,0.0,0.0,0.0,0.0
86,149,0.267553,32.582811,1.30579,14.05,12.0,8.017948615450214,0.0,33.0
87,150,0.226449,32.557105,1.072155,13.87,12.0,7.408987785116129,0.0,33.0
88,151,0.720866,32.905351,-0.07436,11.59,10.0,7.397425227739715,0.0,33.0
89,152,1.20898,32.82374,-0.633475,3.62,0.0,3.946593467789658,0.0,12.0
90,155,0.745331,32.989808,-0.41599,0.0,0.0,0.0,0.0,0.0
91,157,0.656998,32.940866,0.26219,0.0,0.0,0.0,0.0,0.0
92,158,0.915711,31.749263,0.96219,0.0,0.0,0.0,0.0,0.0
93,161,1.191574,31.790788,0.27989,0.0,0.0,0.0,0.0,0.0
94,164,1.239933,31.396594,-0.47004,0.0,0.0,0.0,0.0,0.0
95,165,0.863958,32.492785,0.93992,0.0,0.0,0.0,0.0,0.0
96,166,0.707318,32.524945,0.90324,0.0,0.0,0.0,0.0,0.0
97,167,0.700849,32.639623,-0.45228,0.0,0.0,0.0,0.0,0.0
98,169,0.915204,32.673994,0.1245,0.0,0.0,0.0,0.0,0.0
99,172,0.786689,32.570551,-0.43833,0.0,0.0,0.0,0.0,0.0
100,175,0.409905,32.055834,1.10263,0.0,0.0,0.0,0.0,0.0
101,176,0.407359,32.187429,-0.23503,0.0,0.0,0.0,0.0,0.0
102,178,0.435191,32.087098,0.012805,2.92,0.0,4.725843839993025,0.0,19.0
103,180,0.419909,32.219317,-0.15506,0.0,0.0,0.0,0.0,0.0
104,182,0.307526,31.984033,-0.35375,0.0,0.0,0.0,0.0,0.0
105,184,0.569886,31.375182,-0.00835,0.0,0.0,0.0,0.0,0.0
106,185,0.387282,31.272047,-0.37529,0.54,0.0,1.7170905625505024,0.0,6.0
107,187,0.559676,31.439357,-0.46292,0.0,0.0,0.0,0.0,0.0
108,189,0.367059,31.271198,-0.40672,4.71,6.0,4.2644929358600185,0.0,11.0
109,191,0.367841,31.840472,-0.12979,0.0,0.0,0.0,0.0,0.0
110,193,0.465854,31.662434,-0.24886,0.0,0.0,0.0,0.0,0.0
111,195,0.431072,32.750749,1.83055,0.0,0.0,0.0,0.0,0.0
112,196,0.357579,32.743198,1.57792,0.0,0.0,0.0,0.0,0.0
113,197,0.42663,33.146853,1.455695,0.0,0.0,0.0,0.0,0.0
114,198,0.355982,32.710056,1.46657,0.0,0.0,0.0,0.0,0.0
115,200,0.248471,32.913428,0.04077,0.0,0.0,0.0,0.0,0.0
116,202,0.424213,33.009498,-0.259335,0.0,0.0,0.0,0.0,0.0
117,204,0.412782,33.109677,0.74381,0.0,0.0,0.0,0.0,0.0
118,207,0.142807,33.319904,-0.52993,0.0,0.0,0.0,0.0,0.0
119,208,0.401919,32.689915,1.33949,0.0,0.0,0.0,0.0,0.0
120,211,0.374188,32.80887,0.346,0.0,0.0,0.0,0.0,0.0
121,212,0.393434,32.843806,1.18045,0.0,0.0,0.0,0.0,0.0
122,214,0.648913,32.806294,-0.32008,0.0,0.0,0.0,0.0,0.0
123,217,0.714486,32.834001,-0.48112,0.0,0.0,0.0,0.0,0.0
124,221,0.562356,32.300107,-0.125175,0.0,0.0,0.0,0.0,0.0
125,222,1.318664,32.462869,1.473,4.55,0.0,6.513639535620619,0.0,19.0
126,223,1.033063,32.539804,-0.2497,5.62,0.0,6.576898965317924,0.0,19.0
127,224,1.538981,32.351908,-0.429695,5.46,0.0,6.614257327924277,0.0,19.0
128,226,0.57399,33.770965,0.7749,0.0,0.0,0.0,0.0,0.0
129,228,0.456971,33.843369,-0.56978,0.0,0.0,0.0,0.0,0.0
130,230,0.437531,33.87628,-0.75656,1.02,0.0,3.069136686431545,0.0,11.0
131,232,0.343958,33.874543,0.38337,0.0,0.0,0.0,0.0,0.0
132,234,0.562239,33.865912,-0.66925,6.49,8.0,6.096712228734435,0.0,19.0
133,237,-0.114633,33.69437,-0.57133,5.62,0.0,6.384011278185527,0.0,19.0
134,238,0.220286,33.763475,-0.760425,2.96,0.0,5.489845170858644,0.0,19.0
135,239,0.604234,33.472354,0.857525,0.0,0.0,0.0,0.0,0.0
136,240,0.779776,33.622051,0.588,0.0,0.0,0.0,0.0,0.0
137,242,0.591379,33.558323,-0.26397,0.0,0.0,0.0,0.0,0.0
138,243,0.488264,33.564024,-0.47569,0.0,0.0,0.0,0.0,0.0
139,246,0.870756,33.714701,-0.194015,0.0,0.0,0.0,0.0,0.0
140,250,0.681781,33.603116,-0.30789,0.0,0.0,0.0,0.0,0.0
141,252,0.713404,33.530474,-0.56732,0.0,0.0,0.0,0.0,0.0
142,254,0.67762,33.35121,-0.24632,0.0,0.0,0.0,0.0,0.0
143,256,0.689765,33.272335,-0.340085,0.0,0.0,0.0,0.0,0.0
144,259,0.630361,33.385146,-0.36796,0.0,0.0,0.0,0.0,0.0
145,260,0.460316,33.198161,1.13902,0.0,0.0,0.0,0.0,0.0
146,261,0.437969,33.2257,-0.26778,0.0,0.0,0.0,0.0,0.0
147,262,0.468878,33.210931,0.88094,0.0,0.0,0.0,0.0,0.0
148,263,0.457212,33.237719,1.424715,0.0,0.0,0.0,0.0,0.0
149,266,0.518711,33.197731,0.05206,0.0,0.0,0.0,0.0,0.0
150,269,0.62907,33.111307,-0.22973,0.0,0.0,0.0,0.0,0.0
151,271,0.579556,33.23018,-0.16542,0.0,0.0,0.0,0.0,0.0
152,274,1.049169,33.216531,-0.253205,0.0,0.0,0.0,0.0,0.0
153,276,1.298944,33.327392,-0.63705,0.0,0.0,0.0,0.0,0.0
154,278,1.374958,32.995319,-0.335405,0.0,0.0,0.0,0.0,0.0
155,280,0.854025,33.253499,0.08724,0.0,0.0,0.0,0.0,0.0
156,282,0.87463,33.184703,0.12649,0.0,0.0,0.0,0.0,0.0
157,284,0.97447,33.21317,-0.403175,1.02,0.0,2.9325074594960543,0.0,12.0
158,287,0.964341,33.509117,-0.53126,0.0,0.0,0.0,0.0,0.0
159,289,1.217782,33.436982,-0.605615,3.78,0.0,4.916462142638749,0.0,14.0
160,291,0.695844,33.098299,-0.271025,4.24,0.0,4.905344024632727,0.0,14.0
161,293,0.771282,33.097753,0.26477,3.42,0.0,4.77531150816363,0.0,14.0
162,294,0.802777,33.73468,-0.3586,0.0,0.0,0.0,0.0,0.0
163,295,0.841287,33.692326,0.681135,0.0,0.0,0.0,0.0,0.0
164,297,0.434793,33.398802,-0.17442,0.0,0.0,0.0,0.0,0.0
165,299,0.355663,33.503567,-0.4984,0.0,0.0,0.0,0.0,0.0
166,302,0.354998,34.008079,-0.17581,0.0,0.0,0.0,0.0,0.0
167,305,0.386814,34.047757,-0.697695,0.0,0.0,0.0,0.0,0.0
168,306,1.249232,34.774664,-0.699225,0.0,0.0,0.0,0.0,0.0
169,308,1.334351,34.366929,-0.56558,0.0,0.0,0.0,0.0,0.0
170,309,1.08188,34.152051,1.01951,0.0,0.0,0.0,0.0,0.0
171,310,1.077355,34.213475,2.70118,0.35,0.0,1.5256146302392362,0.0,7.0
172,312,0.790028,34.361432,-0.32876,0.0,0.0,0.0,0.0,0.0
173,313,0.91084,34.369182,-0.4491,0.0,0.0,0.0,0.0,0.0
174,315,0.982888,34.318798,-0.35006,0.0,0.0,0.0,0.0,0.0
175,317,1.029352,34.220413,-0.435165,0.0,0.0,0.0,0.0,0.0
176,319,0.980725,34.162559,-0.42917,0.0,0.0,0.0,0.0,0.0
177,321,1.001119,34.443812,-0.498315,0.0,0.0,0.0,0.0,0.0
178,323,1.18255,33.686825,-0.338235,0.0,0.0,0.0,0.0,0.0
179,325,1.141066,33.879648,-0.09233,0.0,0.0,0.0,0.0,0.0
180,327,1.007753,33.853513,-0.43302,1.78,0.0,3.503084355250384,0.0,11.0
181,328,1.235212,33.585401,-0.52767,1.56,0.0,3.2812192855705336,0.0,11.0
182,331,1.06771,34.076859,-0.52001,0.0,0.0,0.0,0.0,0.0
183,332,1.144695,34.282622,0.26528,0.12,0.0,0.84,0.0,6.0
184,333,1.151679,34.369168,-0.47794,0.0,0.0,0.0,0.0,0.0
185,335,1.138277,34.268296,-0.40391,0.99,0.0,2.6095785100280073,0.0,10.0
186,338,0.676497,34.188347,-0.008955,0.0,0.0,0.0,0.0,0.0
187,339,0.709386,33.886174,-0.593995,0.0,0.0,0.0,0.0,0.0
188,340,0.900754,33.940027,-0.37156,0.0,0.0,0.0,0.0,0.0
189,342,0.648191,34.234604,-0.68127,6.7,7.5,5.237365750069398,0.0,16.0
190,345,0.629127,33.994059,-0.76033,0.0,0.0,0.0,0.0,0.0
191,346,0.812973,34.077778,-0.59696,3.87,0.0,5.900262706015724,0.0,21.0
192,348,2.009065,33.84554,-0.850615,0.0,0.0,0.0,0.0,0.0
193,349,2.13719,33.641947,-0.872685,0.0,0.0,0.0,0.0,0.0
194,351,1.261163,34.019736,-0.83996,0.0,0.0,0.0,0.0,0.0
195,353,1.251357,34.17136,-0.87672,0.0,0.0,0.0,0.0,0.0
196,354,1.914751,33.230352,-0.59692,0.0,0.0,0.0,0.0,0.0
197,356,1.715493,33.340483,-0.91326,0.0,0.0,0.0,0.0,0.0
198,358,2.004497,33.748627,-0.82012,0.0,0.0,0.0,0.0,0.0
199,361,2.034626,33.931845,-0.96773,0.0,0.0,0.0,0.0,0.0
200,362,1.489708,33.942327,0.57552,0.54,0.0,1.9769673745411178,0.0,9.0
201,364,1.277344,33.872068,-0.620075,0.0,0.0,0.0,0.0,0.0
202,367,1.576364,33.814327,-0.80782,0.0,0.0,0.0,0.0,0.0
203,369,1.882583,33.193438,-0.060285,0.0,0.0,0.0,0.0,0.0
204,372,1.445355,33.471721,-0.75186,0.24,0.0,1.1757550765359257,0.0,6.0
205,374,1.846912,33.603467,-0.7832,4.44,6.0,4.633184649892556,0.0,14.0
206,376,1.82813,33.495888,-0.8831,0.0,0.0,0.0,0.0,0.0
207,378,2.161698,32.843172,-0.52593,0.0,0.0,0.0,0.0,0.0
208,380,2.230225,32.626881,-0.685935,0.0,0.0,0.0,0.0,0.0
209,382,2.129171,32.786376,-0.62846,0.0,0.0,0.0,0.0,0.0
210,384,2.089716,32.632011,-0.69983,0.0,0.0,0.0,0.0,0.0
211,386,1.793301,32.376165,-0.50034,12.12,10.0,8.907614720002208,0.0,33.0
212,387,2.023405,32.493305,-0.62077,0.0,0.0,0.0,0.0,0.0
213,389,1.8399,32.351018,-0.72846,0.0,0.0,0.0,0.0,0.0
214,390,2.207274,32.314369,-0.70217,0.0,0.0,0.0,0.0,0.0
215,392,2.154008,32.517867,-0.75573,0.0,0.0,0.0,0.0,0.0
216,393,2.313664,32.538077,-0.64265,2.51,0.0,4.844574284702423,0.0,20.0
217,395,2.494387,32.512654,-0.62379,0.0,0.0,0.0,0.0,0.0
218,397,2.773405,32.266599,-0.65349,0.0,0.0,0.0,0.0,0.0
219,398,2.768075,32.288053,-0.130085,0.0,0.0,0.0,0.0,0.0
220,399,2.767147,32.309693,-0.461815,0.0,0.0,0.0,0.0,0.0
221,403,3.461403,32.052909,-0.84402,0.0,0.0,0.0,0.0,0.0
222,404,3.074264,32.149082,-0.78896,0.0,0.0,0.0,0.0,0.0
